sentence_good,sentence_bad,field,linguistics_term,UID,simple_LM_method,one_prefix_method,two_prefix_method,lexically_identical,pair_id,good_prob,bad_prob,correct
The women meet.,The woman meet.,morphology,subject_verb_agreement,irregular_plural_subject_verb_agreement_2,True,False,True,False,0,-24.42369842529297,-26.276412963867188,1
The child isn't attacking Becky.,The children isn't attacking Becky.,morphology,subject_verb_agreement,irregular_plural_subject_verb_agreement_2,True,False,True,False,1,-47.48586654663086,-48.780216217041016,1
The woman cleans every public park.,The women cleans every public park.,morphology,subject_verb_agreement,irregular_plural_subject_verb_agreement_2,True,False,True,False,2,-50.54682922363281,-50.224117279052734,0
The man works with some pedestrian.,The men works with some pedestrian.,morphology,subject_verb_agreement,irregular_plural_subject_verb_agreement_2,True,False,True,False,3,-41.24524688720703,-40.99348449707031,0
The men have revealed Christina.,The man have revealed Christina.,morphology,subject_verb_agreement,irregular_plural_subject_verb_agreement_2,True,False,True,False,4,-44.995094299316406,-47.252540588378906,1
The men weren't benefiting.,The man weren't benefiting.,morphology,subject_verb_agreement,irregular_plural_subject_verb_agreement_2,True,False,True,False,5,-36.81049346923828,-37.64997863769531,1
The children haven't loved Julie.,The child haven't loved Julie.,morphology,subject_verb_agreement,irregular_plural_subject_verb_agreement_2,True,False,True,False,6,-44.683197021484375,-44.70867156982422,1
The woman is skated around every art gallery.,The women is skated around every art gallery.,morphology,subject_verb_agreement,irregular_plural_subject_verb_agreement_2,True,False,True,False,7,-65.77670288085938,-65.33747100830078,0
The child is breaking most plates.,The children is breaking most plates.,morphology,subject_verb_agreement,irregular_plural_subject_verb_agreement_2,True,False,True,False,8,-43.898231506347656,-44.361785888671875,1
The person was leaving.,The people was leaving.,morphology,subject_verb_agreement,irregular_plural_subject_verb_agreement_2,True,False,True,False,9,-23.851207733154297,-25.94354248046875,1
The teeth tip over.,The tooth tip over.,morphology,subject_verb_agreement,irregular_plural_subject_verb_agreement_2,True,False,True,False,10,-31.69017791748047,-31.0473690032959,0
The men have admired Ronald.,The man have admired Ronald.,morphology,subject_verb_agreement,irregular_plural_subject_verb_agreement_2,True,False,True,False,11,-47.36315155029297,-50.76453399658203,1
The person was firing James.,The people was firing James.,morphology,subject_verb_agreement,irregular_plural_subject_verb_agreement_2,True,False,True,False,12,-38.606971740722656,-41.165531158447266,1
The people conspire.,The person conspire.,morphology,subject_verb_agreement,irregular_plural_subject_verb_agreement_2,True,False,True,False,13,-33.067848205566406,-33.20702362060547,1
The people debate.,The person debate.,morphology,subject_verb_agreement,irregular_plural_subject_verb_agreement_2,True,False,True,False,14,-21.99508285522461,-21.417200088500977,0
The person is firing William.,The people is firing William.,morphology,subject_verb_agreement,irregular_plural_subject_verb_agreement_2,True,False,True,False,15,-40.20940399169922,-43.227081298828125,1
The alumnus has screamed.,The alumni has screamed.,morphology,subject_verb_agreement,irregular_plural_subject_verb_agreement_2,True,False,True,False,16,-41.705413818359375,-31.053119659423828,0
The person runs around some cafe.,The people runs around some cafe.,morphology,subject_verb_agreement,irregular_plural_subject_verb_agreement_2,True,False,True,False,17,-39.18552780151367,-40.03935241699219,1
The man is complaining.,The men is complaining.,morphology,subject_verb_agreement,irregular_plural_subject_verb_agreement_2,True,False,True,False,18,-27.856365203857422,-28.13414764404297,1
The analyses were disgusting Tammy.,The analysis were disgusting Tammy.,morphology,subject_verb_agreement,irregular_plural_subject_verb_agreement_2,True,False,True,False,19,-44.14807891845703,-45.78588104248047,1
The men hide Marcus.,The man hide Marcus.,morphology,subject_verb_agreement,irregular_plural_subject_verb_agreement_2,True,False,True,False,20,-37.30186462402344,-37.37279510498047,1
The people find Kristen.,The person find Kristen.,morphology,subject_verb_agreement,irregular_plural_subject_verb_agreement_2,True,False,True,False,21,-33.63200759887695,-35.51133728027344,1
The person wasn't kissing Mark.,The people wasn't kissing Mark.,morphology,subject_verb_agreement,irregular_plural_subject_verb_agreement_2,True,False,True,False,22,-46.56959533691406,-48.42177963256836,1
The man was learning.,The men was learning.,morphology,subject_verb_agreement,irregular_plural_subject_verb_agreement_2,True,False,True,False,23,-25.64664077758789,-25.791759490966797,1
The men leave.,The man leave.,morphology,subject_verb_agreement,irregular_plural_subject_verb_agreement_2,True,False,True,False,24,-22.76750373840332,-23.452667236328125,1
The man wasn't bringing most sketches.,The men wasn't bringing most sketches.,morphology,subject_verb_agreement,irregular_plural_subject_verb_agreement_2,True,False,True,False,25,-53.1236572265625,-52.775169372558594,0
The children have researched the Great Lakes.,The child have researched the Great Lakes.,morphology,subject_verb_agreement,irregular_plural_subject_verb_agreement_2,True,False,True,False,26,-46.069122314453125,-48.65711212158203,1
The women are negotiating.,The woman are negotiating.,morphology,subject_verb_agreement,irregular_plural_subject_verb_agreement_2,True,False,True,False,27,-26.581890106201172,-30.28382110595703,1
The people have seen.,The person have seen.,morphology,subject_verb_agreement,irregular_plural_subject_verb_agreement_2,True,False,True,False,28,-19.41095542907715,-22.673025131225586,1
The child wasn't saluting.,The children wasn't saluting.,morphology,subject_verb_agreement,irregular_plural_subject_verb_agreement_2,True,False,True,False,29,-44.4102897644043,-45.30387878417969,1
The women haven't chatted.,The woman haven't chatted.,morphology,subject_verb_agreement,irregular_plural_subject_verb_agreement_2,True,False,True,False,30,-41.73453903198242,-40.51661682128906,0
The woman is shrugging.,The women is shrugging.,morphology,subject_verb_agreement,irregular_plural_subject_verb_agreement_2,True,False,True,False,31,-45.24209976196289,-45.07810974121094,0
The alumnus was firing Carla.,The alumni was firing Carla.,morphology,subject_verb_agreement,irregular_plural_subject_verb_agreement_2,True,False,True,False,32,-58.404930114746094,-47.06488037109375,0
The theses were describing some ladies.,The thesis were describing some ladies.,morphology,subject_verb_agreement,irregular_plural_subject_verb_agreement_2,True,False,True,False,33,-48.95051574707031,-44.73527145385742,0
The person researches some lake.,The people researches some lake.,morphology,subject_verb_agreement,irregular_plural_subject_verb_agreement_2,True,False,True,False,34,-47.89046096801758,-47.69561004638672,0
The man cares for Richard.,The men cares for Richard.,morphology,subject_verb_agreement,irregular_plural_subject_verb_agreement_2,True,False,True,False,35,-36.64250946044922,-37.90502166748047,1
The man has concealed Jesus.,The men has concealed Jesus.,morphology,subject_verb_agreement,irregular_plural_subject_verb_agreement_2,True,False,True,False,36,-41.30483627319336,-41.27592468261719,0
The woman appreciates Harvard University.,The women appreciates Harvard University.,morphology,subject_verb_agreement,irregular_plural_subject_verb_agreement_2,True,False,True,False,37,-42.82238006591797,-42.29865264892578,0
The man laughs.,The men laughs.,morphology,subject_verb_agreement,irregular_plural_subject_verb_agreement_2,True,False,True,False,38,-24.690439224243164,-24.73716926574707,1
The synopses disagree with Randolf.,The synopsis disagree with Randolf.,morphology,subject_verb_agreement,irregular_plural_subject_verb_agreement_2,True,False,True,False,39,-65.95487976074219,-54.53551483154297,0
The man has respected Jodi.,The men has respected Jodi.,morphology,subject_verb_agreement,irregular_plural_subject_verb_agreement_2,True,False,True,False,40,-47.069183349609375,-46.64958190917969,0
The woman boasts about Carolyn.,The women boasts about Carolyn.,morphology,subject_verb_agreement,irregular_plural_subject_verb_agreement_2,True,False,True,False,41,-43.014915466308594,-43.10228729248047,1
The men aren't exploring Spain.,The man aren't exploring Spain.,morphology,subject_verb_agreement,irregular_plural_subject_verb_agreement_2,True,False,True,False,42,-39.768409729003906,-41.425018310546875,1
The alumni concur.,The alumnus concur.,morphology,subject_verb_agreement,irregular_plural_subject_verb_agreement_2,True,False,True,False,43,-32.58306884765625,-41.84339141845703,1
The children have corresponded.,The child have corresponded.,morphology,subject_verb_agreement,irregular_plural_subject_verb_agreement_2,True,False,True,False,44,-34.45157241821289,-37.3367919921875,1
The people weren't aggravating Janice.,The person weren't aggravating Janice.,morphology,subject_verb_agreement,irregular_plural_subject_verb_agreement_2,True,False,True,False,45,-54.91252136230469,-55.90985870361328,1
The person hasn't visited Tracy.,The people hasn't visited Tracy.,morphology,subject_verb_agreement,irregular_plural_subject_verb_agreement_2,True,False,True,False,46,-42.5224609375,-43.53881072998047,1
The people like Helen.,The person like Helen.,morphology,subject_verb_agreement,irregular_plural_subject_verb_agreement_2,True,False,True,False,47,-28.57939910888672,-29.828853607177734,1
The person tours those banks.,The people tours those banks.,morphology,subject_verb_agreement,irregular_plural_subject_verb_agreement_2,True,False,True,False,48,-41.53865432739258,-41.18952178955078,0
The men see Christine.,The man see Christine.,morphology,subject_verb_agreement,irregular_plural_subject_verb_agreement_2,True,False,True,False,49,-34.185935974121094,-34.59477996826172,1
The teeth bore Christina.,The tooth bore Christina.,morphology,subject_verb_agreement,irregular_plural_subject_verb_agreement_2,True,False,True,False,50,-41.1534423828125,-41.17383575439453,1
The media have disgusted Cindy.,The medium have disgusted Cindy.,morphology,subject_verb_agreement,irregular_plural_subject_verb_agreement_2,True,False,True,False,51,-47.49738693237305,-48.311527252197266,1
The women hunt.,The woman hunt.,morphology,subject_verb_agreement,irregular_plural_subject_verb_agreement_2,True,False,True,False,52,-24.395721435546875,-24.163349151611328,0
The man salutes.,The men salutes.,morphology,subject_verb_agreement,irregular_plural_subject_verb_agreement_2,True,False,True,False,53,-32.628597259521484,-33.805274963378906,1
The men hurts Monica.,The man hurts Monica.,morphology,subject_verb_agreement,irregular_plural_subject_verb_agreement_2,True,False,True,False,54,-38.06443786621094,-37.4140625,0
The child watches Sandra.,The children watches Sandra.,morphology,subject_verb_agreement,irregular_plural_subject_verb_agreement_2,True,False,True,False,55,-35.11391067504883,-34.21087646484375,0
The alumni practice.,The alumnus practice.,morphology,subject_verb_agreement,irregular_plural_subject_verb_agreement_2,True,False,True,False,56,-22.646652221679688,-33.42552947998047,1
The men hug Eva.,The man hug Eva.,morphology,subject_verb_agreement,irregular_plural_subject_verb_agreement_2,True,False,True,False,57,-39.33865737915039,-39.076942443847656,0
The woman wasn't concealing Wendy.,The women wasn't concealing Wendy.,morphology,subject_verb_agreement,irregular_plural_subject_verb_agreement_2,True,False,True,False,58,-58.37898635864258,-59.72288513183594,1
The woman was weeping.,The women was weeping.,morphology,subject_verb_agreement,irregular_plural_subject_verb_agreement_2,True,False,True,False,59,-29.489822387695312,-31.246368408203125,1
The alumnus has worked with Laura.,The alumni has worked with Laura.,morphology,subject_verb_agreement,irregular_plural_subject_verb_agreement_2,True,False,True,False,60,-50.27210998535156,-36.11199188232422,0
The children cope.,The child cope.,morphology,subject_verb_agreement,irregular_plural_subject_verb_agreement_2,True,False,True,False,61,-24.294099807739258,-25.062328338623047,1
The woman hasn't run around the art gallery.,The women hasn't run around the art gallery.,morphology,subject_verb_agreement,irregular_plural_subject_verb_agreement_2,True,False,True,False,62,-52.29882049560547,-52.497840881347656,1
The person isn't blinking.,The people isn't blinking.,morphology,subject_verb_agreement,irregular_plural_subject_verb_agreement_2,True,False,True,False,63,-31.066139221191406,-33.44689178466797,1
The man exits this grocery store.,The men exits this grocery store.,morphology,subject_verb_agreement,irregular_plural_subject_verb_agreement_2,True,False,True,False,64,-46.3802490234375,-45.315887451171875,0
The women conceal this book.,The woman conceal this book.,morphology,subject_verb_agreement,irregular_plural_subject_verb_agreement_2,True,False,True,False,65,-37.94089889526367,-37.4681282043457,0
The woman has washed.,The women has washed.,morphology,subject_verb_agreement,irregular_plural_subject_verb_agreement_2,True,False,True,False,66,-28.550443649291992,-28.167604446411133,0
The child wasn't ascending a lot of mountains.,The children wasn't ascending a lot of mountains.,morphology,subject_verb_agreement,irregular_plural_subject_verb_agreement_2,True,False,True,False,67,-54.73368835449219,-55.49595642089844,1
The men spin around.,The man spin around.,morphology,subject_verb_agreement,irregular_plural_subject_verb_agreement_2,True,False,True,False,68,-30.691776275634766,-30.220138549804688,0
The people whisper.,The person whisper.,morphology,subject_verb_agreement,irregular_plural_subject_verb_agreement_2,True,False,True,False,69,-25.371742248535156,-24.895755767822266,0
The children aren't healing all guests.,The child aren't healing all guests.,morphology,subject_verb_agreement,irregular_plural_subject_verb_agreement_2,True,False,True,False,70,-47.235679626464844,-48.26173400878906,1
The women have forgotten Melanie.,The woman have forgotten Melanie.,morphology,subject_verb_agreement,irregular_plural_subject_verb_agreement_2,True,False,True,False,71,-38.844844818115234,-41.80316925048828,1
The men have listened to Stacy.,The man have listened to Stacy.,morphology,subject_verb_agreement,irregular_plural_subject_verb_agreement_2,True,False,True,False,72,-39.98076248168945,-43.10189437866211,1
The phenomena alarm Cindy.,The phenomenon alarm Cindy.,morphology,subject_verb_agreement,irregular_plural_subject_verb_agreement_2,True,False,True,False,73,-41.853477478027344,-40.93852615356445,0
The women arrive at the lake.,The woman arrive at the lake.,morphology,subject_verb_agreement,irregular_plural_subject_verb_agreement_2,True,False,True,False,74,-32.12764358520508,-33.866172790527344,1
The people aren't descending all mountains.,The person aren't descending all mountains.,morphology,subject_verb_agreement,irregular_plural_subject_verb_agreement_2,True,False,True,False,75,-47.557525634765625,-49.621337890625,1
The man escapes.,The men escapes.,morphology,subject_verb_agreement,irregular_plural_subject_verb_agreement_2,True,False,True,False,76,-23.491241455078125,-23.812850952148438,1
The women haven't remembered Tiffany.,The woman haven't remembered Tiffany.,morphology,subject_verb_agreement,irregular_plural_subject_verb_agreement_2,True,False,True,False,77,-48.040828704833984,-46.764915466308594,0
The men succeed.,The man succeed.,morphology,subject_verb_agreement,irregular_plural_subject_verb_agreement_2,True,False,True,False,78,-23.529094696044922,-24.441333770751953,1
The woman swallows.,The women swallows.,morphology,subject_verb_agreement,irregular_plural_subject_verb_agreement_2,True,False,True,False,79,-31.546558380126953,-32.16534423828125,1
The cactus isn't bothering Kendra.,The cacti isn't bothering Kendra.,morphology,subject_verb_agreement,irregular_plural_subject_verb_agreement_2,True,False,True,False,80,-60.94389724731445,-66.32553100585938,1
The thesis criticizes the malls.,The theses criticizes the malls.,morphology,subject_verb_agreement,irregular_plural_subject_verb_agreement_2,True,False,True,False,81,-43.91890335083008,-49.2904052734375,1
The alumni have cured Nina.,The alumnus have cured Nina.,morphology,subject_verb_agreement,irregular_plural_subject_verb_agreement_2,True,False,True,False,82,-43.51116180419922,-56.11103820800781,1
The men bother Veronica.,The man bother Veronica.,morphology,subject_verb_agreement,irregular_plural_subject_verb_agreement_2,True,False,True,False,83,-38.65657043457031,-38.071067810058594,0
The person helps Teresa.,The people helps Teresa.,morphology,subject_verb_agreement,irregular_plural_subject_verb_agreement_2,True,False,True,False,84,-34.27155303955078,-35.224571228027344,1
The man has forfeited.,The men has forfeited.,morphology,subject_verb_agreement,irregular_plural_subject_verb_agreement_2,True,False,True,False,85,-35.520660400390625,-35.51849365234375,0
The alumnus was cheering.,The alumni was cheering.,morphology,subject_verb_agreement,irregular_plural_subject_verb_agreement_2,True,False,True,False,86,-41.57672119140625,-29.810630798339844,0
The person wears the hats.,The people wears the hats.,morphology,subject_verb_agreement,irregular_plural_subject_verb_agreement_2,True,False,True,False,87,-34.37545394897461,-34.97336959838867,1
The women worry.,The woman worry.,morphology,subject_verb_agreement,irregular_plural_subject_verb_agreement_2,True,False,True,False,88,-26.191268920898438,-26.547780990600586,1
The children have visited some guest.,The child have visited some guest.,morphology,subject_verb_agreement,irregular_plural_subject_verb_agreement_2,True,False,True,False,89,-40.1968994140625,-42.4376220703125,1
The hypothesis alarms Wendy.,The hypotheses alarms Wendy.,morphology,subject_verb_agreement,irregular_plural_subject_verb_agreement_2,True,False,True,False,90,-44.134159088134766,-44.048824310302734,0
The woman researches Harvard University.,The women researches Harvard University.,morphology,subject_verb_agreement,irregular_plural_subject_verb_agreement_2,True,False,True,False,91,-46.58251190185547,-46.78932189941406,1
The child plays.,The children plays.,morphology,subject_verb_agreement,irregular_plural_subject_verb_agreement_2,True,False,True,False,92,-22.44002914428711,-22.053739547729492,0
The man has grinned.,The men has grinned.,morphology,subject_verb_agreement,irregular_plural_subject_verb_agreement_2,True,False,True,False,93,-30.51819610595703,-30.331199645996094,0
The woman wasn't scratching.,The women wasn't scratching.,morphology,subject_verb_agreement,irregular_plural_subject_verb_agreement_2,True,False,True,False,94,-34.85739517211914,-35.99059295654297,1
The synopsis isn't moving.,The synopses isn't moving.,morphology,subject_verb_agreement,irregular_plural_subject_verb_agreement_2,True,False,True,False,95,-32.428077697753906,-44.81114959716797,1
The women haven't skated around some school.,The woman haven't skated around some school.,morphology,subject_verb_agreement,irregular_plural_subject_verb_agreement_2,True,False,True,False,96,-64.0527572631836,-63.36151123046875,0
The child has taken every icicle.,The children has taken every icicle.,morphology,subject_verb_agreement,irregular_plural_subject_verb_agreement_2,True,False,True,False,97,-47.81050491333008,-48.7026252746582,1
The children arrive at some mountain.,The child arrive at some mountain.,morphology,subject_verb_agreement,irregular_plural_subject_verb_agreement_2,True,False,True,False,98,-39.066734313964844,-40.47022247314453,1
The men were disturbing Randolf.,The man were disturbing Randolf.,morphology,subject_verb_agreement,irregular_plural_subject_verb_agreement_2,True,False,True,False,99,-47.84444046020508,-50.001312255859375,1
The alumni haven't admired some blouse.,The alumnus haven't admired some blouse.,morphology,subject_verb_agreement,irregular_plural_subject_verb_agreement_2,True,False,True,False,100,-58.697669982910156,-72.27728271484375,1
The octopi hide.,The octopus hide.,morphology,subject_verb_agreement,irregular_plural_subject_verb_agreement_2,True,False,True,False,101,-40.83894348144531,-39.15043640136719,0
The phenomenon bores Naomi.,The phenomena bores Naomi.,morphology,subject_verb_agreement,irregular_plural_subject_verb_agreement_2,True,False,True,False,102,-45.44596862792969,-46.15719223022461,1
The people are communicating.,The person are communicating.,morphology,subject_verb_agreement,irregular_plural_subject_verb_agreement_2,True,False,True,False,103,-22.947555541992188,-25.30398178100586,1
The child is working with Christina.,The children is working with Christina.,morphology,subject_verb_agreement,irregular_plural_subject_verb_agreement_2,True,False,True,False,104,-39.57421875,-39.49726104736328,0
The child hasn't attacked Diana.,The children hasn't attacked Diana.,morphology,subject_verb_agreement,irregular_plural_subject_verb_agreement_2,True,False,True,False,105,-48.88634490966797,-49.753204345703125,1
The man testifies.,The men testifies.,morphology,subject_verb_agreement,irregular_plural_subject_verb_agreement_2,True,False,True,False,106,-37.088706970214844,-37.254573822021484,1
The woman wasn't insulting Denise.,The women wasn't insulting Denise.,morphology,subject_verb_agreement,irregular_plural_subject_verb_agreement_2,True,False,True,False,107,-49.669639587402344,-51.49410629272461,1
The alumni argue about Sharon.,The alumnus argue about Sharon.,morphology,subject_verb_agreement,irregular_plural_subject_verb_agreement_2,True,False,True,False,108,-40.97061538696289,-55.719547271728516,1
The ellipsis shocks Elizabeth.,The ellipses shocks Elizabeth.,morphology,subject_verb_agreement,irregular_plural_subject_verb_agreement_2,True,False,True,False,109,-60.50232696533203,-59.553253173828125,0
The women stand up.,The woman stand up.,morphology,subject_verb_agreement,irregular_plural_subject_verb_agreement_2,True,False,True,False,110,-26.402406692504883,-26.246177673339844,0
The theses reference Carol.,The thesis reference Carol.,morphology,subject_verb_agreement,irregular_plural_subject_verb_agreement_2,True,False,True,False,111,-46.069007873535156,-36.938270568847656,0
The people were disagreeing.,The person were disagreeing.,morphology,subject_verb_agreement,irregular_plural_subject_verb_agreement_2,True,False,True,False,112,-32.9622917175293,-34.907676696777344,1
The woman has bothered legislatures.,The women has bothered legislatures.,morphology,subject_verb_agreement,irregular_plural_subject_verb_agreement_2,True,False,True,False,113,-42.78656768798828,-41.993377685546875,0
The man was fixing some carriage.,The men was fixing some carriage.,morphology,subject_verb_agreement,irregular_plural_subject_verb_agreement_2,True,False,True,False,114,-45.788055419921875,-45.80070114135742,1
The people haven't corresponded.,The person haven't corresponded.,morphology,subject_verb_agreement,irregular_plural_subject_verb_agreement_2,True,False,True,False,115,-37.595577239990234,-38.32613754272461,1
The person hates Sheila.,The people hates Sheila.,morphology,subject_verb_agreement,irregular_plural_subject_verb_agreement_2,True,False,True,False,116,-34.75269317626953,-34.61882019042969,0
The children bike to these rivers.,The child bike to these rivers.,morphology,subject_verb_agreement,irregular_plural_subject_verb_agreement_2,True,False,True,False,117,-44.289405822753906,-45.34136199951172,1
The person practices.,The people practices.,morphology,subject_verb_agreement,irregular_plural_subject_verb_agreement_2,True,False,True,False,118,-21.290374755859375,-20.632261276245117,0
The analyses were talking about Teresa.,The analysis were talking about Teresa.,morphology,subject_verb_agreement,irregular_plural_subject_verb_agreement_2,True,False,True,False,119,-41.53321075439453,-41.75026321411133,1
The parenthesis has flung open.,The parentheses has flung open.,morphology,subject_verb_agreement,irregular_plural_subject_verb_agreement_2,True,False,True,False,120,-53.38747024536133,-42.06048583984375,0
The alumni speak up.,The alumnus speak up.,morphology,subject_verb_agreement,irregular_plural_subject_verb_agreement_2,True,False,True,False,121,-31.037050247192383,-42.286441802978516,1
The woman hasn't come here.,The women hasn't come here.,morphology,subject_verb_agreement,irregular_plural_subject_verb_agreement_2,True,False,True,False,122,-34.53089904785156,-35.10935974121094,1
The children go fishing.,The child go fishing.,morphology,subject_verb_agreement,irregular_plural_subject_verb_agreement_2,True,False,True,False,123,-30.23232650756836,-31.646133422851562,1
The hypothesis embarrasses Michelle.,The hypotheses embarrasses Michelle.,morphology,subject_verb_agreement,irregular_plural_subject_verb_agreement_2,True,False,True,False,124,-47.83478546142578,-48.3921012878418,1
The children are benefiting.,The child are benefiting.,morphology,subject_verb_agreement,irregular_plural_subject_verb_agreement_2,True,False,True,False,125,-25.864521026611328,-27.681501388549805,1
The alumni haven't scanned every report.,The alumnus haven't scanned every report.,morphology,subject_verb_agreement,irregular_plural_subject_verb_agreement_2,True,False,True,False,126,-52.29312515258789,-65.92143249511719,1
The men haven't sneezed.,The man haven't sneezed.,morphology,subject_verb_agreement,irregular_plural_subject_verb_agreement_2,True,False,True,False,127,-46.936824798583984,-47.746620178222656,1
The alumni debate.,The alumnus debate.,morphology,subject_verb_agreement,irregular_plural_subject_verb_agreement_2,True,False,True,False,128,-24.890159606933594,-36.10099792480469,1
The man wasn't approaching a student.,The men wasn't approaching a student.,morphology,subject_verb_agreement,irregular_plural_subject_verb_agreement_2,True,False,True,False,129,-46.52744674682617,-45.997772216796875,0
The men aren't criticizing Gerald.,The man aren't criticizing Gerald.,morphology,subject_verb_agreement,irregular_plural_subject_verb_agreement_2,True,False,True,False,130,-46.89985275268555,-47.888404846191406,1
The child was concealing many rivers.,The children was concealing many rivers.,morphology,subject_verb_agreement,irregular_plural_subject_verb_agreement_2,True,False,True,False,131,-54.64567565917969,-54.2656135559082,0
The feet irritate Sabrina.,The foot irritate Sabrina.,morphology,subject_verb_agreement,irregular_plural_subject_verb_agreement_2,True,False,True,False,132,-49.525146484375,-49.109230041503906,0
The woman has climbed up these hills.,The women has climbed up these hills.,morphology,subject_verb_agreement,irregular_plural_subject_verb_agreement_2,True,False,True,False,133,-47.67578887939453,-47.38783645629883,0
The child gets a job.,The children gets a job.,morphology,subject_verb_agreement,irregular_plural_subject_verb_agreement_2,True,False,True,False,134,-27.224868774414062,-27.871192932128906,1
The man is insulting Susan.,The men is insulting Susan.,morphology,subject_verb_agreement,irregular_plural_subject_verb_agreement_2,True,False,True,False,135,-41.23731994628906,-41.67897033691406,1
The children have fought.,The child have fought.,morphology,subject_verb_agreement,irregular_plural_subject_verb_agreement_2,True,False,True,False,136,-24.933542251586914,-26.743988037109375,1
The person hasn't fixed most cups.,The people hasn't fixed most cups.,morphology,subject_verb_agreement,irregular_plural_subject_verb_agreement_2,True,False,True,False,137,-50.71015930175781,-52.164222717285156,1
The men are communicating.,The man are communicating.,morphology,subject_verb_agreement,irregular_plural_subject_verb_agreement_2,True,False,True,False,138,-26.248958587646484,-28.692554473876953,1
The man hasn't blinked.,The men hasn't blinked.,morphology,subject_verb_agreement,irregular_plural_subject_verb_agreement_2,True,False,True,False,139,-38.6885986328125,-38.146095275878906,0
The child cures Stephanie.,The children cures Stephanie.,morphology,subject_verb_agreement,irregular_plural_subject_verb_agreement_2,True,False,True,False,140,-43.15525817871094,-42.34260940551758,0
The people are escaping.,The person are escaping.,morphology,subject_verb_agreement,irregular_plural_subject_verb_agreement_2,True,False,True,False,141,-24.504291534423828,-26.970643997192383,1
The men have dropped by every cafe.,The man have dropped by every cafe.,morphology,subject_verb_agreement,irregular_plural_subject_verb_agreement_2,True,False,True,False,142,-43.53036880493164,-46.60772705078125,1
The woman was singing.,The women was singing.,morphology,subject_verb_agreement,irregular_plural_subject_verb_agreement_2,True,False,True,False,143,-26.30874252319336,-27.670360565185547,1
The men protest.,The man protest.,morphology,subject_verb_agreement,irregular_plural_subject_verb_agreement_2,True,False,True,False,144,-23.55392837524414,-23.630849838256836,1
The children were hugging Joseph.,The child were hugging Joseph.,morphology,subject_verb_agreement,irregular_plural_subject_verb_agreement_2,True,False,True,False,145,-37.819541931152344,-40.59160614013672,1
The people haven't slumped over.,The person haven't slumped over.,morphology,subject_verb_agreement,irregular_plural_subject_verb_agreement_2,True,False,True,False,146,-41.96984100341797,-43.44920349121094,1
The woman has chuckled.,The women has chuckled.,morphology,subject_verb_agreement,irregular_plural_subject_verb_agreement_2,True,False,True,False,147,-31.670753479003906,-31.51150894165039,0
The children aren't marrying.,The child aren't marrying.,morphology,subject_verb_agreement,irregular_plural_subject_verb_agreement_2,True,False,True,False,148,-35.7988395690918,-36.090675354003906,1
The hypotheses haven't annoyed Stephen.,The hypothesis haven't annoyed Stephen.,morphology,subject_verb_agreement,irregular_plural_subject_verb_agreement_2,True,False,True,False,149,-53.47205352783203,-53.18159866333008,0
The alumni are watching Kendra.,The alumnus are watching Kendra.,morphology,subject_verb_agreement,irregular_plural_subject_verb_agreement_2,True,False,True,False,150,-44.638877868652344,-57.11103439331055,1
The parentheses have closed.,The parenthesis have closed.,morphology,subject_verb_agreement,irregular_plural_subject_verb_agreement_2,True,False,True,False,151,-30.369049072265625,-39.19376754760742,1
The woman has escaped from Danielle.,The women has escaped from Danielle.,morphology,subject_verb_agreement,irregular_plural_subject_verb_agreement_2,True,False,True,False,152,-44.30329513549805,-43.41320037841797,0
The children haven't negotiated.,The child haven't negotiated.,morphology,subject_verb_agreement,irregular_plural_subject_verb_agreement_2,True,False,True,False,153,-37.30602264404297,-36.687721252441406,0
The person questions every lady.,The people questions every lady.,morphology,subject_verb_agreement,irregular_plural_subject_verb_agreement_2,True,False,True,False,154,-36.7307014465332,-36.627235412597656,0
The person cares for Deanna.,The people cares for Deanna.,morphology,subject_verb_agreement,irregular_plural_subject_verb_agreement_2,True,False,True,False,155,-41.32196807861328,-43.44609451293945,1
The theses move.,The thesis move.,morphology,subject_verb_agreement,irregular_plural_subject_verb_agreement_2,True,False,True,False,156,-29.87237548828125,-23.057741165161133,0
The women hate Kenneth.,The woman hate Kenneth.,morphology,subject_verb_agreement,irregular_plural_subject_verb_agreement_2,True,False,True,False,157,-38.29869842529297,-39.04144287109375,1
The child chuckles.,The children chuckles.,morphology,subject_verb_agreement,irregular_plural_subject_verb_agreement_2,True,False,True,False,158,-31.009225845336914,-29.863861083984375,0
The men arrive at a mountain.,The man arrive at a mountain.,morphology,subject_verb_agreement,irregular_plural_subject_verb_agreement_2,True,False,True,False,159,-34.65785598754883,-35.82714080810547,1
The woman has explored Harvard University.,The women has explored Harvard University.,morphology,subject_verb_agreement,irregular_plural_subject_verb_agreement_2,True,False,True,False,160,-41.00818634033203,-40.21269607543945,0
The alumnus is cleaning this cup.,The alumni is cleaning this cup.,morphology,subject_verb_agreement,irregular_plural_subject_verb_agreement_2,True,False,True,False,161,-59.82754898071289,-47.420936584472656,0
The alumni explore some rivers.,The alumnus explore some rivers.,morphology,subject_verb_agreement,irregular_plural_subject_verb_agreement_2,True,False,True,False,162,-40.80083465576172,-51.99877166748047,1
The children have scanned this story.,The child have scanned this story.,morphology,subject_verb_agreement,irregular_plural_subject_verb_agreement_2,True,False,True,False,163,-38.696163177490234,-40.0189094543457,1
The child benefits.,The children benefits.,morphology,subject_verb_agreement,irregular_plural_subject_verb_agreement_2,True,False,True,False,164,-21.48520278930664,-20.919288635253906,0
The child finds this picture.,The children finds this picture.,morphology,subject_verb_agreement,irregular_plural_subject_verb_agreement_2,True,False,True,False,165,-33.054203033447266,-33.400367736816406,1
The men notice a glass.,The man notice a glass.,morphology,subject_verb_agreement,irregular_plural_subject_verb_agreement_2,True,False,True,False,166,-34.95164489746094,-36.004478454589844,1
The women haven't coped.,The woman haven't coped.,morphology,subject_verb_agreement,irregular_plural_subject_verb_agreement_2,True,False,True,False,167,-42.24940490722656,-41.05141830444336,0
The child wasn't spinning around.,The children wasn't spinning around.,morphology,subject_verb_agreement,irregular_plural_subject_verb_agreement_2,True,False,True,False,168,-40.88513946533203,-42.694786071777344,1
The parenthesis has closed.,The parentheses has closed.,morphology,subject_verb_agreement,irregular_plural_subject_verb_agreement_2,True,False,True,False,169,-37.61405563354492,-27.446704864501953,0
The woman has talked about some mountain.,The women has talked about some mountain.,morphology,subject_verb_agreement,irregular_plural_subject_verb_agreement_2,True,False,True,False,170,-42.20440673828125,-41.90596008300781,0
The people correspond.,The person correspond.,morphology,subject_verb_agreement,irregular_plural_subject_verb_agreement_2,True,False,True,False,171,-22.977039337158203,-22.228736877441406,0
The women hide away.,The woman hide away.,morphology,subject_verb_agreement,irregular_plural_subject_verb_agreement_2,True,False,True,False,172,-28.385963439941406,-28.384071350097656,0
The person swallows.,The people swallows.,morphology,subject_verb_agreement,irregular_plural_subject_verb_agreement_2,True,False,True,False,173,-29.860374450683594,-30.809755325317383,1
The children swallow.,The child swallow.,morphology,subject_verb_agreement,irregular_plural_subject_verb_agreement_2,True,False,True,False,174,-26.87457847595215,-26.894622802734375,1
The children have gotten a job.,The child have gotten a job.,morphology,subject_verb_agreement,irregular_plural_subject_verb_agreement_2,True,False,True,False,175,-32.4362678527832,-34.06499099731445,1
The people practice.,The person practice.,morphology,subject_verb_agreement,irregular_plural_subject_verb_agreement_2,True,False,True,False,176,-19.70003890991211,-20.611358642578125,1
The men drink.,The man drink.,morphology,subject_verb_agreement,irregular_plural_subject_verb_agreement_2,True,False,True,False,177,-23.108964920043945,-23.846363067626953,1
The alumnus hasn't murmured.,The alumni hasn't murmured.,morphology,subject_verb_agreement,irregular_plural_subject_verb_agreement_2,True,False,True,False,178,-55.05225372314453,-42.541656494140625,0
The lice weren't finding many people.,The louse weren't finding many people.,morphology,subject_verb_agreement,irregular_plural_subject_verb_agreement_2,True,False,True,False,179,-50.603675842285156,-52.78309631347656,1
The hypothesis has upset Jacqueline.,The hypotheses has upset Jacqueline.,morphology,subject_verb_agreement,irregular_plural_subject_verb_agreement_2,True,False,True,False,180,-51.30001449584961,-51.61724090576172,1
The woman watches Rose.,The women watches Rose.,morphology,subject_verb_agreement,irregular_plural_subject_verb_agreement_2,True,False,True,False,181,-33.78947448730469,-33.825130462646484,1
The woman wasn't drinking.,The women wasn't drinking.,morphology,subject_verb_agreement,irregular_plural_subject_verb_agreement_2,True,False,True,False,182,-35.100616455078125,-36.107093811035156,1
The woman runs around Spain.,The women runs around Spain.,morphology,subject_verb_agreement,irregular_plural_subject_verb_agreement_2,True,False,True,False,183,-35.086490631103516,-34.13360595703125,0
The nucleus bothers these associations.,The nuclei bothers these associations.,morphology,subject_verb_agreement,irregular_plural_subject_verb_agreement_2,True,False,True,False,184,-42.895912170410156,-46.91893005371094,1
The man suffers.,The men suffers.,morphology,subject_verb_agreement,irregular_plural_subject_verb_agreement_2,True,False,True,False,185,-24.008817672729492,-24.170089721679688,1
The mouse hasn't alarmed Helen.,The mice hasn't alarmed Helen.,morphology,subject_verb_agreement,irregular_plural_subject_verb_agreement_2,True,False,True,False,186,-51.123268127441406,-54.4132194519043,1
The men astounds the woman.,The man astounds the woman.,morphology,subject_verb_agreement,irregular_plural_subject_verb_agreement_2,True,False,True,False,187,-45.4415168762207,-43.53366470336914,0
The woman replies.,The women replies.,morphology,subject_verb_agreement,irregular_plural_subject_verb_agreement_2,True,False,True,False,188,-23.543790817260742,-23.975631713867188,1
The alumni cheer.,The alumnus cheer.,morphology,subject_verb_agreement,irregular_plural_subject_verb_agreement_2,True,False,True,False,189,-28.668663024902344,-39.87427520751953,1
The phenomenon wasn't disturbing Claire.,The phenomena wasn't disturbing Claire.,morphology,subject_verb_agreement,irregular_plural_subject_verb_agreement_2,True,False,True,False,190,-49.38605880737305,-52.18906021118164,1
The children leave.,The child leave.,morphology,subject_verb_agreement,irregular_plural_subject_verb_agreement_2,True,False,True,False,191,-22.135074615478516,-22.885438919067383,1
The analysis conceals William.,The analyses conceals William.,morphology,subject_verb_agreement,irregular_plural_subject_verb_agreement_2,True,False,True,False,192,-47.11186218261719,-47.21771240234375,1
The person sells photographs.,The people sells photographs.,morphology,subject_verb_agreement,irregular_plural_subject_verb_agreement_2,True,False,True,False,193,-30.040542602539062,-31.13302230834961,1
The children haven't cooperated.,The child haven't cooperated.,morphology,subject_verb_agreement,irregular_plural_subject_verb_agreement_2,True,False,True,False,194,-41.468910217285156,-41.50408172607422,1
The oasis was astounding Rhonda.,The oases was astounding Rhonda.,morphology,subject_verb_agreement,irregular_plural_subject_verb_agreement_2,True,False,True,False,195,-55.50655746459961,-58.91630554199219,1
The man runs around every museum.,The men runs around every museum.,morphology,subject_verb_agreement,irregular_plural_subject_verb_agreement_2,True,False,True,False,196,-41.85712814331055,-41.035072326660156,0
The man isn't boasting.,The men isn't boasting.,morphology,subject_verb_agreement,irregular_plural_subject_verb_agreement_2,True,False,True,False,197,-35.865264892578125,-36.605445861816406,1
The women weren't concurring.,The woman weren't concurring.,morphology,subject_verb_agreement,irregular_plural_subject_verb_agreement_2,True,False,True,False,198,-46.926944732666016,-46.92795944213867,1
The men play.,The man play.,morphology,subject_verb_agreement,irregular_plural_subject_verb_agreement_2,True,False,True,False,199,-21.173751831054688,-21.743858337402344,1
The men have forgotten Keith.,The man have forgotten Keith.,morphology,subject_verb_agreement,irregular_plural_subject_verb_agreement_2,True,False,True,False,200,-36.823299407958984,-39.85150909423828,1
The louse wasn't waking up.,The lice wasn't waking up.,morphology,subject_verb_agreement,irregular_plural_subject_verb_agreement_2,True,False,True,False,201,-46.50310134887695,-44.37446594238281,0
The alumni haven't alarmed Sharon.,The alumnus haven't alarmed Sharon.,morphology,subject_verb_agreement,irregular_plural_subject_verb_agreement_2,True,False,True,False,202,-51.125877380371094,-66.51427459716797,1
The woman hasn't hired Samuel.,The women hasn't hired Samuel.,morphology,subject_verb_agreement,irregular_plural_subject_verb_agreement_2,True,False,True,False,203,-48.83930587768555,-49.093162536621094,1
The man isn't studying.,The men isn't studying.,morphology,subject_verb_agreement,irregular_plural_subject_verb_agreement_2,True,False,True,False,204,-33.5001220703125,-34.097564697265625,1
The oxen hide.,The ox hide.,morphology,subject_verb_agreement,irregular_plural_subject_verb_agreement_2,True,False,True,False,205,-34.635433197021484,-27.030757904052734,0
The synopsis hasn't moved.,The synopses hasn't moved.,morphology,subject_verb_agreement,irregular_plural_subject_verb_agreement_2,True,False,True,False,206,-35.955902099609375,-46.68973159790039,1
The children weren't struggling.,The child weren't struggling.,morphology,subject_verb_agreement,irregular_plural_subject_verb_agreement_2,True,False,True,False,207,-35.20993423461914,-35.25883865356445,1
The men haven't cured Steve.,The man haven't cured Steve.,morphology,subject_verb_agreement,irregular_plural_subject_verb_agreement_2,True,False,True,False,208,-46.16282653808594,-47.634849548339844,1
The person concurs.,The people concurs.,morphology,subject_verb_agreement,irregular_plural_subject_verb_agreement_2,True,False,True,False,209,-30.56427001953125,-31.312854766845703,1
The alumni haven't cooperated.,The alumnus haven't cooperated.,morphology,subject_verb_agreement,irregular_plural_subject_verb_agreement_2,True,False,True,False,210,-41.77709197998047,-56.96790313720703,1
The men were suffering.,The man were suffering.,morphology,subject_verb_agreement,irregular_plural_subject_verb_agreement_2,True,False,True,False,211,-22.978403091430664,-24.979597091674805,1
The alumnus wasn't drinking.,The alumni wasn't drinking.,morphology,subject_verb_agreement,irregular_plural_subject_verb_agreement_2,True,False,True,False,212,-48.93070983886719,-37.5677375793457,0
The people insult art galleries.,The person insult art galleries.,morphology,subject_verb_agreement,irregular_plural_subject_verb_agreement_2,True,False,True,False,213,-41.6207275390625,-42.51472473144531,1
The alumni haven't divorced.,The alumnus haven't divorced.,morphology,subject_verb_agreement,irregular_plural_subject_verb_agreement_2,True,False,True,False,214,-36.24575424194336,-51.520137786865234,1
The alumni get fired.,The alumnus get fired.,morphology,subject_verb_agreement,irregular_plural_subject_verb_agreement_2,True,False,True,False,215,-34.38212203979492,-45.11787414550781,1
The people lift this hamster.,The person lift this hamster.,morphology,subject_verb_agreement,irregular_plural_subject_verb_agreement_2,True,False,True,False,216,-46.520179748535156,-46.21497344970703,0
The people have answered.,The person have answered.,morphology,subject_verb_agreement,irregular_plural_subject_verb_agreement_2,True,False,True,False,217,-23.51471710205078,-26.586048126220703,1
The radii embarrass Teresa.,The radius embarrass Teresa.,morphology,subject_verb_agreement,irregular_plural_subject_verb_agreement_2,True,False,True,False,218,-47.992679595947266,-42.241172790527344,0
The women haven't hired Candice.,The woman haven't hired Candice.,morphology,subject_verb_agreement,irregular_plural_subject_verb_agreement_2,True,False,True,False,219,-51.762577056884766,-50.84062957763672,0
The people were littering.,The person were littering.,morphology,subject_verb_agreement,irregular_plural_subject_verb_agreement_2,True,False,True,False,220,-32.771854400634766,-34.23871612548828,1
The man singing.,The men singing.,morphology,subject_verb_agreement,irregular_plural_subject_verb_agreement_2,True,False,True,False,221,-23.02468490600586,-24.266918182373047,1
The stimulus looks like some drawings.,The stimuli looks like some drawings.,morphology,subject_verb_agreement,irregular_plural_subject_verb_agreement_2,True,False,True,False,222,-41.240745544433594,-42.6921272277832,1
The man observes Sandra.,The men observes Sandra.,morphology,subject_verb_agreement,irregular_plural_subject_verb_agreement_2,True,False,True,False,223,-36.10667419433594,-37.049461364746094,1
The men weren't dating.,The man weren't dating.,morphology,subject_verb_agreement,irregular_plural_subject_verb_agreement_2,True,False,True,False,224,-34.5367317199707,-35.245487213134766,1
The thesis wastes away.,The theses wastes away.,morphology,subject_verb_agreement,irregular_plural_subject_verb_agreement_2,True,False,True,False,225,-32.93681335449219,-39.15254592895508,1
The child questions Curtis.,The children questions Curtis.,morphology,subject_verb_agreement,irregular_plural_subject_verb_agreement_2,True,False,True,False,226,-36.170570373535156,-35.23816680908203,0
The people haven't struggled.,The person haven't struggled.,morphology,subject_verb_agreement,irregular_plural_subject_verb_agreement_2,True,False,True,False,227,-30.51860809326172,-31.503684997558594,1
The man is approaching every actor.,The men is approaching every actor.,morphology,subject_verb_agreement,irregular_plural_subject_verb_agreement_2,True,False,True,False,228,-42.1232795715332,-42.12474822998047,1
The children were questioning Linda.,The child were questioning Linda.,morphology,subject_verb_agreement,irregular_plural_subject_verb_agreement_2,True,False,True,False,229,-37.004180908203125,-39.69782257080078,1
The children are disagreeing.,The child are disagreeing.,morphology,subject_verb_agreement,irregular_plural_subject_verb_agreement_2,True,False,True,False,230,-33.214027404785156,-35.52248001098633,1
The men have worried.,The man have worried.,morphology,subject_verb_agreement,irregular_plural_subject_verb_agreement_2,True,False,True,False,231,-26.860506057739258,-29.63223648071289,1
The child has observed Andrew.,The children has observed Andrew.,morphology,subject_verb_agreement,irregular_plural_subject_verb_agreement_2,True,False,True,False,232,-38.465431213378906,-39.128761291503906,1
The woman has concealed glaciers.,The women has concealed glaciers.,morphology,subject_verb_agreement,irregular_plural_subject_verb_agreement_2,True,False,True,False,233,-42.6387825012207,-41.95862579345703,0
The children were coping.,The child were coping.,morphology,subject_verb_agreement,irregular_plural_subject_verb_agreement_2,True,False,True,False,234,-25.900821685791016,-28.168264389038086,1
The women are profiting.,The woman are profiting.,morphology,subject_verb_agreement,irregular_plural_subject_verb_agreement_2,True,False,True,False,235,-29.998336791992188,-34.29029846191406,1
The men complain about Monet.,The man complain about Monet.,morphology,subject_verb_agreement,irregular_plural_subject_verb_agreement_2,True,False,True,False,236,-41.906410217285156,-41.80432891845703,0
The woman isn't crying.,The women isn't crying.,morphology,subject_verb_agreement,irregular_plural_subject_verb_agreement_2,True,False,True,False,237,-32.059532165527344,-32.69472885131836,1
The children examine that movie.,The child examine that movie.,morphology,subject_verb_agreement,irregular_plural_subject_verb_agreement_2,True,False,True,False,238,-40.506126403808594,-41.28234100341797,1
The men haven't descended mountains.,The man haven't descended mountains.,morphology,subject_verb_agreement,irregular_plural_subject_verb_agreement_2,True,False,True,False,239,-46.93316650390625,-48.34739685058594,1
The man has researched that river.,The men has researched that river.,morphology,subject_verb_agreement,irregular_plural_subject_verb_agreement_2,True,False,True,False,240,-44.62237548828125,-44.16979217529297,0
The child walks through many grocery stores.,The children walks through many grocery stores.,morphology,subject_verb_agreement,irregular_plural_subject_verb_agreement_2,True,False,True,False,241,-48.189937591552734,-46.80381774902344,0
The feet were chipping.,The foot were chipping.,morphology,subject_verb_agreement,irregular_plural_subject_verb_agreement_2,True,False,True,False,242,-34.16056823730469,-35.5189208984375,1
The men weren't bringing the hospitals.,The man weren't bringing the hospitals.,morphology,subject_verb_agreement,irregular_plural_subject_verb_agreement_2,True,False,True,False,243,-47.4080810546875,-48.96748352050781,1
The children weren't shrugging.,The child weren't shrugging.,morphology,subject_verb_agreement,irregular_plural_subject_verb_agreement_2,True,False,True,False,244,-53.741817474365234,-53.816619873046875,1
The men stretch.,The man stretch.,morphology,subject_verb_agreement,irregular_plural_subject_verb_agreement_2,True,False,True,False,245,-24.160110473632812,-24.01702880859375,0
The alumnus is wearing those skirts.,The alumni is wearing those skirts.,morphology,subject_verb_agreement,irregular_plural_subject_verb_agreement_2,True,False,True,False,246,-56.72205352783203,-46.12806701660156,0
The men benefit.,The man benefit.,morphology,subject_verb_agreement,irregular_plural_subject_verb_agreement_2,True,False,True,False,247,-23.415285110473633,-23.972545623779297,1
The people examine a lot of movies.,The person examine a lot of movies.,morphology,subject_verb_agreement,irregular_plural_subject_verb_agreement_2,True,False,True,False,248,-38.884376525878906,-39.63347244262695,1
The alumni watch Martin.,The alumnus watch Martin.,morphology,subject_verb_agreement,irregular_plural_subject_verb_agreement_2,True,False,True,False,249,-35.27959442138672,-47.63904571533203,1
The children respect Thomas.,The child respect Thomas.,morphology,subject_verb_agreement,irregular_plural_subject_verb_agreement_2,True,False,True,False,250,-35.93827438354492,-36.87116622924805,1
The children haven't worked with the doctors.,The child haven't worked with the doctors.,morphology,subject_verb_agreement,irregular_plural_subject_verb_agreement_2,True,False,True,False,251,-44.518436431884766,-44.77936553955078,1
The men haven't visited the Impressionists.,The man haven't visited the Impressionists.,morphology,subject_verb_agreement,irregular_plural_subject_verb_agreement_2,True,False,True,False,252,-60.141502380371094,-61.02607727050781,1
The people were concealing that adult.,The person were concealing that adult.,morphology,subject_verb_agreement,irregular_plural_subject_verb_agreement_2,True,False,True,False,253,-49.57562255859375,-52.2364616394043,1
The men scare Rebecca.,The man scare Rebecca.,morphology,subject_verb_agreement,irregular_plural_subject_verb_agreement_2,True,False,True,False,254,-37.56720733642578,-36.60626983642578,0
The alumnus isn't painting.,The alumni isn't painting.,morphology,subject_verb_agreement,irregular_plural_subject_verb_agreement_2,True,False,True,False,255,-48.09823226928711,-35.3799934387207,0
The people have assembled.,The person have assembled.,morphology,subject_verb_agreement,irregular_plural_subject_verb_agreement_2,True,False,True,False,256,-24.646263122558594,-27.870929718017578,1
The child falls asleep.,The children falls asleep.,morphology,subject_verb_agreement,irregular_plural_subject_verb_agreement_2,True,False,True,False,257,-30.70295524597168,-30.153255462646484,0
The children wear those jackets.,The child wear those jackets.,morphology,subject_verb_agreement,irregular_plural_subject_verb_agreement_2,True,False,True,False,258,-38.22960662841797,-39.813262939453125,1
The feet worry Spain.,The foot worry Spain.,morphology,subject_verb_agreement,irregular_plural_subject_verb_agreement_2,True,False,True,False,259,-37.41884231567383,-37.10246276855469,0
The people yawn.,The person yawn.,morphology,subject_verb_agreement,irregular_plural_subject_verb_agreement_2,True,False,True,False,260,-26.895185470581055,-27.468996047973633,1
The people clean most libraries.,The person clean most libraries.,morphology,subject_verb_agreement,irregular_plural_subject_verb_agreement_2,True,False,True,False,261,-38.53923416137695,-40.49620819091797,1
The man wins.,The men wins.,morphology,subject_verb_agreement,irregular_plural_subject_verb_agreement_2,True,False,True,False,262,-21.774429321289062,-21.483386993408203,0
The men weren't profiting.,The man weren't profiting.,morphology,subject_verb_agreement,irregular_plural_subject_verb_agreement_2,True,False,True,False,263,-40.84343719482422,-41.438331604003906,1
The child hasn't escaped.,The children hasn't escaped.,morphology,subject_verb_agreement,irregular_plural_subject_verb_agreement_2,True,False,True,False,264,-35.23642349243164,-36.279624938964844,1
The men haven't questioned Todd.,The man haven't questioned Todd.,morphology,subject_verb_agreement,irregular_plural_subject_verb_agreement_2,True,False,True,False,265,-45.83356857299805,-46.58599090576172,1
The men cure Ellen.,The man cure Ellen.,morphology,subject_verb_agreement,irregular_plural_subject_verb_agreement_2,True,False,True,False,266,-38.789363861083984,-37.64128494262695,0
The woman trains.,The women trains.,morphology,subject_verb_agreement,irregular_plural_subject_verb_agreement_2,True,False,True,False,267,-24.365345001220703,-23.787092208862305,0
The people are sighing.,The person are sighing.,morphology,subject_verb_agreement,irregular_plural_subject_verb_agreement_2,True,False,True,False,268,-29.8121280670166,-31.175731658935547,1
The theses were winning.,The thesis were winning.,morphology,subject_verb_agreement,irregular_plural_subject_verb_agreement_2,True,False,True,False,269,-34.0205078125,-29.762250900268555,0
The octopi bore Donald.,The octopus bore Donald.,morphology,subject_verb_agreement,irregular_plural_subject_verb_agreement_2,True,False,True,False,270,-54.53974914550781,-51.50086212158203,0
The alumnus is arguing.,The alumni is arguing.,morphology,subject_verb_agreement,irregular_plural_subject_verb_agreement_2,True,False,True,False,271,-40.575347900390625,-30.038249969482422,0
The woman chuckles.,The women chuckles.,morphology,subject_verb_agreement,irregular_plural_subject_verb_agreement_2,True,False,True,False,272,-29.927906036376953,-30.80655288696289,1
The woman explains everything.,The women explains everything.,morphology,subject_verb_agreement,irregular_plural_subject_verb_agreement_2,True,False,True,False,273,-30.536306381225586,-31.118637084960938,1
The women help Kimberley.,The woman help Kimberley.,morphology,subject_verb_agreement,irregular_plural_subject_verb_agreement_2,True,False,True,False,274,-39.318153381347656,-42.11461639404297,1
The goose has resembled this photograph.,The geese has resembled this photograph.,morphology,subject_verb_agreement,irregular_plural_subject_verb_agreement_2,True,False,True,False,275,-49.12710952758789,-52.2730712890625,1
The people cure Rachelle.,The person cure Rachelle.,morphology,subject_verb_agreement,irregular_plural_subject_verb_agreement_2,True,False,True,False,276,-41.72890853881836,-41.709617614746094,0
The foot distracts Clyde.,The feet distracts Clyde.,morphology,subject_verb_agreement,irregular_plural_subject_verb_agreement_2,True,False,True,False,277,-42.955039978027344,-41.8635139465332,0
The men were crying.,The man were crying.,morphology,subject_verb_agreement,irregular_plural_subject_verb_agreement_2,True,False,True,False,278,-23.64731788635254,-25.797658920288086,1
The nuclei aren't confusing this student.,The nucleus aren't confusing this student.,morphology,subject_verb_agreement,irregular_plural_subject_verb_agreement_2,True,False,True,False,279,-56.3946647644043,-53.21368408203125,0
The person isn't appreciating Homer.,The people isn't appreciating Homer.,morphology,subject_verb_agreement,irregular_plural_subject_verb_agreement_2,True,False,True,False,280,-44.16999053955078,-46.180904388427734,1
The alumni talk.,The alumnus talk.,morphology,subject_verb_agreement,irregular_plural_subject_verb_agreement_2,True,False,True,False,281,-23.360475540161133,-35.210025787353516,1
The people boast about Travis.,The person boast about Travis.,morphology,subject_verb_agreement,irregular_plural_subject_verb_agreement_2,True,False,True,False,282,-40.02155685424805,-40.46240997314453,1
The synopses conceal Donald.,The synopsis conceal Donald.,morphology,subject_verb_agreement,irregular_plural_subject_verb_agreement_2,True,False,True,False,283,-55.02300262451172,-42.51591110229492,0
The alumni meet.,The alumnus meet.,morphology,subject_verb_agreement,irregular_plural_subject_verb_agreement_2,True,False,True,False,284,-26.343021392822266,-38.24029541015625,1
The alumni walk through some art gallery.,The alumnus walk through some art gallery.,morphology,subject_verb_agreement,irregular_plural_subject_verb_agreement_2,True,False,True,False,285,-47.45576095581055,-59.19731140136719,1
The alumni are coping.,The alumnus are coping.,morphology,subject_verb_agreement,irregular_plural_subject_verb_agreement_2,True,False,True,False,286,-27.41012954711914,-40.545204162597656,1
The alumni sneeze.,The alumnus sneeze.,morphology,subject_verb_agreement,irregular_plural_subject_verb_agreement_2,True,False,True,False,287,-45.009490966796875,-54.59621047973633,1
The person has fled from Connie.,The people has fled from Connie.,morphology,subject_verb_agreement,irregular_plural_subject_verb_agreement_2,True,False,True,False,288,-43.73613739013672,-45.41586685180664,1
The woman hides Galileo.,The women hides Galileo.,morphology,subject_verb_agreement,irregular_plural_subject_verb_agreement_2,True,False,True,False,289,-39.38409423828125,-40.21725845336914,1
The oases astound Grace.,The oasis astound Grace.,morphology,subject_verb_agreement,irregular_plural_subject_verb_agreement_2,True,False,True,False,290,-55.045631408691406,-52.581451416015625,0
The man was singing.,The men was singing.,morphology,subject_verb_agreement,irregular_plural_subject_verb_agreement_2,True,False,True,False,291,-25.88751220703125,-26.62211799621582,1
The children study.,The child study.,morphology,subject_verb_agreement,irregular_plural_subject_verb_agreement_2,True,False,True,False,292,-20.584379196166992,-21.295211791992188,1
The woman has cheered.,The women has cheered.,morphology,subject_verb_agreement,irregular_plural_subject_verb_agreement_2,True,False,True,False,293,-31.34911346435547,-31.049976348876953,0
The man hasn't seen that cake.,The men hasn't seen that cake.,morphology,subject_verb_agreement,irregular_plural_subject_verb_agreement_2,True,False,True,False,294,-43.962745666503906,-44.17441177368164,1
The mice haven't looked like that sketch.,The mouse haven't looked like that sketch.,morphology,subject_verb_agreement,irregular_plural_subject_verb_agreement_2,True,False,True,False,295,-56.846160888671875,-52.81603240966797,0
The oasis hurts this doctor.,The oases hurts this doctor.,morphology,subject_verb_agreement,irregular_plural_subject_verb_agreement_2,True,False,True,False,296,-45.75438690185547,-47.964202880859375,1
The children hate Victoria.,The child hate Victoria.,morphology,subject_verb_agreement,irregular_plural_subject_verb_agreement_2,True,False,True,False,297,-33.90177917480469,-34.645530700683594,1
The alumni are listening to Connie.,The alumnus are listening to Connie.,morphology,subject_verb_agreement,irregular_plural_subject_verb_agreement_2,True,False,True,False,298,-40.50038146972656,-54.65568923950195,1
The louse hasn't climbed up some mountains.,The lice hasn't climbed up some mountains.,morphology,subject_verb_agreement,irregular_plural_subject_verb_agreement_2,True,False,True,False,299,-60.35795593261719,-58.246116638183594,0
The people respect Marcus.,The person respect Marcus.,morphology,subject_verb_agreement,irregular_plural_subject_verb_agreement_2,True,False,True,False,300,-38.165672302246094,-38.10358428955078,0
The woman wasn't examining those stories.,The women wasn't examining those stories.,morphology,subject_verb_agreement,irregular_plural_subject_verb_agreement_2,True,False,True,False,301,-47.563453674316406,-48.414337158203125,1
The alumni have revealed many actresses.,The alumnus have revealed many actresses.,morphology,subject_verb_agreement,irregular_plural_subject_verb_agreement_2,True,False,True,False,302,-43.432003021240234,-56.33389663696289,1
The woman wasn't scanning the report.,The women wasn't scanning the report.,morphology,subject_verb_agreement,irregular_plural_subject_verb_agreement_2,True,False,True,False,303,-48.166961669921875,-49.02240753173828,1
The alumnus admires bikes.,The alumni admires bikes.,morphology,subject_verb_agreement,irregular_plural_subject_verb_agreement_2,True,False,True,False,304,-56.379695892333984,-47.50670623779297,0
The oxen bore Stephanie.,The ox bore Stephanie.,morphology,subject_verb_agreement,irregular_plural_subject_verb_agreement_2,True,False,True,False,305,-47.310386657714844,-39.18303298950195,0
The alumni complain about Adam.,The alumnus complain about Adam.,morphology,subject_verb_agreement,irregular_plural_subject_verb_agreement_2,True,False,True,False,306,-40.80707550048828,-54.1951904296875,1
The men have hurt Amelia.,The man have hurt Amelia.,morphology,subject_verb_agreement,irregular_plural_subject_verb_agreement_2,True,False,True,False,307,-41.22374725341797,-44.16679763793945,1
The women have laughed.,The woman have laughed.,morphology,subject_verb_agreement,irregular_plural_subject_verb_agreement_2,True,False,True,False,308,-28.85498046875,-31.505359649658203,1
The alumni haven't slumped over.,The alumnus haven't slumped over.,morphology,subject_verb_agreement,irregular_plural_subject_verb_agreement_2,True,False,True,False,309,-46.79670333862305,-61.04136657714844,1
The woman has forfeited.,The women has forfeited.,morphology,subject_verb_agreement,irregular_plural_subject_verb_agreement_2,True,False,True,False,310,-36.09893035888672,-35.463226318359375,0
The foot tips over.,The feet tips over.,morphology,subject_verb_agreement,irregular_plural_subject_verb_agreement_2,True,False,True,False,311,-30.38704490661621,-31.600887298583984,1
The children return to most hospitals.,The child return to most hospitals.,morphology,subject_verb_agreement,irregular_plural_subject_verb_agreement_2,True,False,True,False,312,-39.313541412353516,-40.042503356933594,1
The men see Tara.,The man see Tara.,morphology,subject_verb_agreement,irregular_plural_subject_verb_agreement_2,True,False,True,False,313,-33.9794807434082,-34.49713134765625,1
The men aren't struggling.,The man aren't struggling.,morphology,subject_verb_agreement,irregular_plural_subject_verb_agreement_2,True,False,True,False,314,-29.955062866210938,-31.489910125732422,1
The man was curing Mark.,The men was curing Mark.,morphology,subject_verb_agreement,irregular_plural_subject_verb_agreement_2,True,False,True,False,315,-41.437416076660156,-42.586605072021484,1
The children haven't found Ella.,The child haven't found Ella.,morphology,subject_verb_agreement,irregular_plural_subject_verb_agreement_2,True,False,True,False,316,-46.523433685302734,-46.3852424621582,0
The men concur.,The man concur.,morphology,subject_verb_agreement,irregular_plural_subject_verb_agreement_2,True,False,True,False,317,-30.486032485961914,-29.394832611083984,0
The women smile.,The woman smile.,morphology,subject_verb_agreement,irregular_plural_subject_verb_agreement_2,True,False,True,False,318,-23.61762046813965,-23.03460693359375,0
The people are seeing.,The person are seeing.,morphology,subject_verb_agreement,irregular_plural_subject_verb_agreement_2,True,False,True,False,319,-22.694934844970703,-25.365280151367188,1
The woman ascends the ladders.,The women ascends the ladders.,morphology,subject_verb_agreement,irregular_plural_subject_verb_agreement_2,True,False,True,False,320,-48.5330810546875,-49.054500579833984,1
The hypotheses have distracted Kristen.,The hypothesis have distracted Kristen.,morphology,subject_verb_agreement,irregular_plural_subject_verb_agreement_2,True,False,True,False,321,-51.494529724121094,-50.89645767211914,0
The oases were falling.,The oasis were falling.,morphology,subject_verb_agreement,irregular_plural_subject_verb_agreement_2,True,False,True,False,322,-34.26573181152344,-33.06402587890625,0
The alumni hug Jennifer.,The alumnus hug Jennifer.,morphology,subject_verb_agreement,irregular_plural_subject_verb_agreement_2,True,False,True,False,323,-39.615238189697266,-51.72516632080078,1
The women aren't thinking about Rachel.,The woman aren't thinking about Rachel.,morphology,subject_verb_agreement,irregular_plural_subject_verb_agreement_2,True,False,True,False,324,-42.417869567871094,-43.48626708984375,1
The child wasn't attacking Carla.,The children wasn't attacking Carla.,morphology,subject_verb_agreement,irregular_plural_subject_verb_agreement_2,True,False,True,False,325,-52.46547317504883,-53.624080657958984,1
The people weren't sighing.,The person weren't sighing.,morphology,subject_verb_agreement,irregular_plural_subject_verb_agreement_2,True,False,True,False,326,-39.024845123291016,-39.65167236328125,1
The woman isn't grinning.,The women isn't grinning.,morphology,subject_verb_agreement,irregular_plural_subject_verb_agreement_2,True,False,True,False,327,-33.487613677978516,-33.815921783447266,1
The parentheses weren't boring the Borgias.,The parenthesis weren't boring the Borgias.,morphology,subject_verb_agreement,irregular_plural_subject_verb_agreement_2,True,False,True,False,328,-67.73961639404297,-75.97858428955078,1
The people are collaborating.,The person are collaborating.,morphology,subject_verb_agreement,irregular_plural_subject_verb_agreement_2,True,False,True,False,329,-22.664113998413086,-24.971086502075195,1
The child flees from Homer.,The children flees from Homer.,morphology,subject_verb_agreement,irregular_plural_subject_verb_agreement_2,True,False,True,False,330,-47.383445739746094,-47.19855499267578,0
The geese disturb Alice.,The goose disturb Alice.,morphology,subject_verb_agreement,irregular_plural_subject_verb_agreement_2,True,False,True,False,331,-43.71073532104492,-39.08888244628906,0
The children were painting.,The child were painting.,morphology,subject_verb_agreement,irregular_plural_subject_verb_agreement_2,True,False,True,False,332,-26.12070083618164,-28.3891544342041,1
The stimulus shocks this man.,The stimuli shocks this man.,morphology,subject_verb_agreement,irregular_plural_subject_verb_agreement_2,True,False,True,False,333,-39.661651611328125,-42.45983123779297,1
The alumni weren't touring college campuses.,The alumnus weren't touring college campuses.,morphology,subject_verb_agreement,irregular_plural_subject_verb_agreement_2,True,False,True,False,334,-55.179359436035156,-67.31881713867188,1
The men cure this teenager.,The man cure this teenager.,morphology,subject_verb_agreement,irregular_plural_subject_verb_agreement_2,True,False,True,False,335,-41.118221282958984,-40.30335998535156,0
The woman loves the documentaries.,The women loves the documentaries.,morphology,subject_verb_agreement,irregular_plural_subject_verb_agreement_2,True,False,True,False,336,-35.979637145996094,-37.13644027709961,1
The man isn't attacking Omar.,The men isn't attacking Omar.,morphology,subject_verb_agreement,irregular_plural_subject_verb_agreement_2,True,False,True,False,337,-47.586021423339844,-48.263675689697266,1
The people were coping.,The person were coping.,morphology,subject_verb_agreement,irregular_plural_subject_verb_agreement_2,True,False,True,False,338,-24.302108764648438,-26.754240036010742,1
The alumni have interacted.,The alumnus have interacted.,morphology,subject_verb_agreement,irregular_plural_subject_verb_agreement_2,True,False,True,False,339,-32.22296142578125,-44.219505310058594,1
The person wastes away.,The people wastes away.,morphology,subject_verb_agreement,irregular_plural_subject_verb_agreement_2,True,False,True,False,340,-30.379194259643555,-30.468669891357422,1
The person goes fishing.,The people goes fishing.,morphology,subject_verb_agreement,irregular_plural_subject_verb_agreement_2,True,False,True,False,341,-28.764965057373047,-30.858915328979492,1
The woman mutters.,The women mutters.,morphology,subject_verb_agreement,irregular_plural_subject_verb_agreement_2,True,False,True,False,342,-30.649316787719727,-31.195327758789062,1
The woman has admired Christopher.,The women has admired Christopher.,morphology,subject_verb_agreement,irregular_plural_subject_verb_agreement_2,True,False,True,False,343,-41.79823684692383,-41.327781677246094,0
The people salute.,The person salute.,morphology,subject_verb_agreement,irregular_plural_subject_verb_agreement_2,True,False,True,False,344,-25.166275024414062,-24.079730987548828,0
The man wasn't dying.,The men wasn't dying.,morphology,subject_verb_agreement,irregular_plural_subject_verb_agreement_2,True,False,True,False,345,-33.842445373535156,-33.5577507019043,0
The alumni are responding.,The alumnus are responding.,morphology,subject_verb_agreement,irregular_plural_subject_verb_agreement_2,True,False,True,False,346,-25.759023666381836,-39.95177459716797,1
The ox isn't descending every mountain.,The oxen isn't descending every mountain.,morphology,subject_verb_agreement,irregular_plural_subject_verb_agreement_2,True,False,True,False,347,-56.499271392822266,-61.48705291748047,1
The man has taken every high school.,The men has taken every high school.,morphology,subject_verb_agreement,irregular_plural_subject_verb_agreement_2,True,False,True,False,348,-41.05802917480469,-39.60061264038086,0
The axis has aggravated Irene.,The axes has aggravated Irene.,morphology,subject_verb_agreement,irregular_plural_subject_verb_agreement_2,True,False,True,False,349,-44.22373962402344,-47.7952880859375,1
The people heal Sara.,The person heal Sara.,morphology,subject_verb_agreement,irregular_plural_subject_verb_agreement_2,True,False,True,False,350,-35.001346588134766,-36.507389068603516,1
The men hug.,The man hug.,morphology,subject_verb_agreement,irregular_plural_subject_verb_agreement_2,True,False,True,False,351,-24.722469329833984,-24.39046859741211,0
The men scan that story.,The man scan that story.,morphology,subject_verb_agreement,irregular_plural_subject_verb_agreement_2,True,False,True,False,352,-39.67292022705078,-38.785892486572266,0
The woman questions all students.,The women questions all students.,morphology,subject_verb_agreement,irregular_plural_subject_verb_agreement_2,True,False,True,False,353,-35.379737854003906,-34.15159606933594,0
The woman messes up the dress.,The women messes up the dress.,morphology,subject_verb_agreement,irregular_plural_subject_verb_agreement_2,True,False,True,False,354,-47.26764678955078,-48.308021545410156,1
The children have boycotted some hospitals.,The child have boycotted some hospitals.,morphology,subject_verb_agreement,irregular_plural_subject_verb_agreement_2,True,False,True,False,355,-65.62063598632812,-68.01580047607422,1
The men haven't sold some lake.,The man haven't sold some lake.,morphology,subject_verb_agreement,irregular_plural_subject_verb_agreement_2,True,False,True,False,356,-46.74261474609375,-48.38996124267578,1
The alumnus wasn't murmuring.,The alumni wasn't murmuring.,morphology,subject_verb_agreement,irregular_plural_subject_verb_agreement_2,True,False,True,False,357,-55.70634078979492,-43.83329772949219,0
The parenthesis has shut.,The parentheses has shut.,morphology,subject_verb_agreement,irregular_plural_subject_verb_agreement_2,True,False,True,False,358,-40.15083312988281,-30.48693084716797,0
The man climbs up some slope.,The men climbs up some slope.,morphology,subject_verb_agreement,irregular_plural_subject_verb_agreement_2,True,False,True,False,359,-43.30659484863281,-43.22151184082031,0
The alumnus goes fishing.,The alumni goes fishing.,morphology,subject_verb_agreement,irregular_plural_subject_verb_agreement_2,True,False,True,False,360,-46.17991638183594,-33.67405319213867,0
The men struggle.,The man struggle.,morphology,subject_verb_agreement,irregular_plural_subject_verb_agreement_2,True,False,True,False,361,-21.815929412841797,-22.49245262145996,1
The alumnus sits down.,The alumni sits down.,morphology,subject_verb_agreement,irregular_plural_subject_verb_agreement_2,True,False,True,False,362,-40.4411735534668,-28.812034606933594,0
The mice aren't embarrassing Rachel.,The mouse aren't embarrassing Rachel.,morphology,subject_verb_agreement,irregular_plural_subject_verb_agreement_2,True,False,True,False,363,-48.96043395996094,-46.0108528137207,0
The people descend some mountains.,The person descend some mountains.,morphology,subject_verb_agreement,irregular_plural_subject_verb_agreement_2,True,False,True,False,364,-40.07609939575195,-40.04473114013672,0
The man has thought about the association.,The men has thought about the association.,morphology,subject_verb_agreement,irregular_plural_subject_verb_agreement_2,True,False,True,False,365,-38.77216720581055,-38.54387664794922,0
The parenthesis flings open.,The parentheses flings open.,morphology,subject_verb_agreement,irregular_plural_subject_verb_agreement_2,True,False,True,False,366,-51.26881408691406,-41.015296936035156,0
The men have reacted.,The man have reacted.,morphology,subject_verb_agreement,irregular_plural_subject_verb_agreement_2,True,False,True,False,367,-29.145992279052734,-31.990846633911133,1
The women aren't communicating.,The woman aren't communicating.,morphology,subject_verb_agreement,irregular_plural_subject_verb_agreement_2,True,False,True,False,368,-33.98579025268555,-35.87225341796875,1
The tooth wasn't falling apart.,The teeth wasn't falling apart.,morphology,subject_verb_agreement,irregular_plural_subject_verb_agreement_2,True,False,True,False,369,-40.37137985229492,-39.97577667236328,0
The people respect Barbara.,The person respect Barbara.,morphology,subject_verb_agreement,irregular_plural_subject_verb_agreement_2,True,False,True,False,370,-35.517948150634766,-35.84880828857422,1
The alumni depart.,The alumnus depart.,morphology,subject_verb_agreement,irregular_plural_subject_verb_agreement_2,True,False,True,False,371,-26.835073471069336,-38.91685485839844,1
The man is telephoning.,The men is telephoning.,morphology,subject_verb_agreement,irregular_plural_subject_verb_agreement_2,True,False,True,False,372,-44.56228256225586,-44.43304443359375,0
The synopses disgust Ellen.,The synopsis disgust Ellen.,morphology,subject_verb_agreement,irregular_plural_subject_verb_agreement_2,True,False,True,False,373,-55.43750762939453,-44.9313850402832,0
The people aren't concealing Rebecca.,The person aren't concealing Rebecca.,morphology,subject_verb_agreement,irregular_plural_subject_verb_agreement_2,True,False,True,False,374,-50.58757781982422,-52.197425842285156,1
The people cry.,The person cry.,morphology,subject_verb_agreement,irregular_plural_subject_verb_agreement_2,True,False,True,False,375,-21.103046417236328,-21.624448776245117,1
The person has argued about Kristin.,The people has argued about Kristin.,morphology,subject_verb_agreement,irregular_plural_subject_verb_agreement_2,True,False,True,False,376,-43.45841979980469,-45.613399505615234,1
The men have hugged.,The man have hugged.,morphology,subject_verb_agreement,irregular_plural_subject_verb_agreement_2,True,False,True,False,377,-29.917373657226562,-32.75106430053711,1
The person wasn't taking every screen.,The people wasn't taking every screen.,morphology,subject_verb_agreement,irregular_plural_subject_verb_agreement_2,True,False,True,False,378,-43.08213424682617,-44.21766662597656,1
The alumni interact.,The alumnus interact.,morphology,subject_verb_agreement,irregular_plural_subject_verb_agreement_2,True,False,True,False,379,-26.556007385253906,-38.56242370605469,1
The bases aren't irritating Larry.,The basis aren't irritating Larry.,morphology,subject_verb_agreement,irregular_plural_subject_verb_agreement_2,True,False,True,False,380,-49.804969787597656,-49.12556457519531,0
The children discover politics.,The child discover politics.,morphology,subject_verb_agreement,irregular_plural_subject_verb_agreement_2,True,False,True,False,381,-32.30667495727539,-33.24614334106445,1
The woman is seeing.,The women is seeing.,morphology,subject_verb_agreement,irregular_plural_subject_verb_agreement_2,True,False,True,False,382,-28.01104736328125,-27.681095123291016,0
The men were competing.,The man were competing.,morphology,subject_verb_agreement,irregular_plural_subject_verb_agreement_2,True,False,True,False,383,-24.00503158569336,-26.52218246459961,1
The women see Julie.,The woman see Julie.,morphology,subject_verb_agreement,irregular_plural_subject_verb_agreement_2,True,False,True,False,384,-34.87268829345703,-35.686500549316406,1
The child discusses a school.,The children discusses a school.,morphology,subject_verb_agreement,irregular_plural_subject_verb_agreement_2,True,False,True,False,385,-31.428951263427734,-31.043636322021484,0
The children are hunting.,The child are hunting.,morphology,subject_verb_agreement,irregular_plural_subject_verb_agreement_2,True,False,True,False,386,-24.813400268554688,-26.28306007385254,1
The children haven't disliked Jill.,The child haven't disliked Jill.,morphology,subject_verb_agreement,irregular_plural_subject_verb_agreement_2,True,False,True,False,387,-53.31217956542969,-53.05127716064453,0
The woman struggles.,The women struggles.,morphology,subject_verb_agreement,irregular_plural_subject_verb_agreement_2,True,False,True,False,388,-23.706928253173828,-23.48729705810547,0
The alumnus hides a lot of icicles.,The alumni hides a lot of icicles.,morphology,subject_verb_agreement,irregular_plural_subject_verb_agreement_2,True,False,True,False,389,-66.59962463378906,-55.1383056640625,0
The alumni mutter.,The alumnus mutter.,morphology,subject_verb_agreement,irregular_plural_subject_verb_agreement_2,True,False,True,False,390,-33.83946990966797,-43.49993896484375,1
The octopus bothers Patricia.,The octopi bothers Patricia.,morphology,subject_verb_agreement,irregular_plural_subject_verb_agreement_2,True,False,True,False,391,-54.77729034423828,-55.473594665527344,1
The man isn't telephoning.,The men isn't telephoning.,morphology,subject_verb_agreement,irregular_plural_subject_verb_agreement_2,True,False,True,False,392,-50.5274543762207,-51.150630950927734,1
The people see Paul.,The person see Paul.,morphology,subject_verb_agreement,irregular_plural_subject_verb_agreement_2,True,False,True,False,393,-29.314802169799805,-31.154712677001953,1
The person wasn't insulting Sara.,The people wasn't insulting Sara.,morphology,subject_verb_agreement,irregular_plural_subject_verb_agreement_2,True,False,True,False,394,-45.04790496826172,-45.871910095214844,1
The man kisses some actors.,The men kisses some actors.,morphology,subject_verb_agreement,irregular_plural_subject_verb_agreement_2,True,False,True,False,395,-38.85725402832031,-39.62110900878906,1
The men alarm Raymond.,The man alarm Raymond.,morphology,subject_verb_agreement,irregular_plural_subject_verb_agreement_2,True,False,True,False,396,-37.39288330078125,-37.112083435058594,0
The person loves Julie.,The people loves Julie.,morphology,subject_verb_agreement,irregular_plural_subject_verb_agreement_2,True,False,True,False,397,-31.387968063354492,-31.949451446533203,1
The woman performs.,The women performs.,morphology,subject_verb_agreement,irregular_plural_subject_verb_agreement_2,True,False,True,False,398,-26.467622756958008,-25.285369873046875,0
The woman has slumped over.,The women has slumped over.,morphology,subject_verb_agreement,irregular_plural_subject_verb_agreement_2,True,False,True,False,399,-40.12467575073242,-39.77710723876953,0
The men haven't noticed this ice.,The man haven't noticed this ice.,morphology,subject_verb_agreement,irregular_plural_subject_verb_agreement_2,True,False,True,False,400,-45.102012634277344,-46.115882873535156,1
The people have fired Meredith.,The person have fired Meredith.,morphology,subject_verb_agreement,irregular_plural_subject_verb_agreement_2,True,False,True,False,401,-38.984283447265625,-41.95381164550781,1
The woman was littering.,The women was littering.,morphology,subject_verb_agreement,irregular_plural_subject_verb_agreement_2,True,False,True,False,402,-35.45185089111328,-37.3095817565918,1
The men attack Beth.,The man attack Beth.,morphology,subject_verb_agreement,irregular_plural_subject_verb_agreement_2,True,False,True,False,403,-34.44678497314453,-35.31083679199219,1
The alumni haven't toured restaurants.,The alumnus haven't toured restaurants.,morphology,subject_verb_agreement,irregular_plural_subject_verb_agreement_2,True,False,True,False,404,-47.85370635986328,-61.634342193603516,1
The alumni pass Harvard University.,The alumnus pass Harvard University.,morphology,subject_verb_agreement,irregular_plural_subject_verb_agreement_2,True,False,True,False,405,-38.324668884277344,-50.20962142944336,1
The people react.,The person react.,morphology,subject_verb_agreement,irregular_plural_subject_verb_agreement_2,True,False,True,False,406,-21.933204650878906,-22.13878631591797,1
The child hasn't described most guests.,The children hasn't described most guests.,morphology,subject_verb_agreement,irregular_plural_subject_verb_agreement_2,True,False,True,False,407,-50.744384765625,-51.56181716918945,1
The children haven't suffered.,The child haven't suffered.,morphology,subject_verb_agreement,irregular_plural_subject_verb_agreement_2,True,False,True,False,408,-35.54549026489258,-35.18770217895508,0
The woman likes the Clintons.,The women likes the Clintons.,morphology,subject_verb_agreement,irregular_plural_subject_verb_agreement_2,True,False,True,False,409,-36.491668701171875,-36.89467239379883,1
The men break the plate.,The man break the plate.,morphology,subject_verb_agreement,irregular_plural_subject_verb_agreement_2,True,False,True,False,410,-32.65177917480469,-33.15753936767578,1
The men are conspiring.,The man are conspiring.,morphology,subject_verb_agreement,irregular_plural_subject_verb_agreement_2,True,False,True,False,411,-29.87859344482422,-32.32914733886719,1
The women have joked around.,The woman have joked around.,morphology,subject_verb_agreement,irregular_plural_subject_verb_agreement_2,True,False,True,False,412,-36.743316650390625,-39.090126037597656,1
The people were hiding away.,The person were hiding away.,morphology,subject_verb_agreement,irregular_plural_subject_verb_agreement_2,True,False,True,False,413,-28.004074096679688,-30.349708557128906,1
The woman isn't climbing down many slopes.,The women isn't climbing down many slopes.,morphology,subject_verb_agreement,irregular_plural_subject_verb_agreement_2,True,False,True,False,414,-56.37138366699219,-56.56755447387695,1
The alumnus passes every mall.,The alumni passes every mall.,morphology,subject_verb_agreement,irregular_plural_subject_verb_agreement_2,True,False,True,False,415,-52.50786209106445,-40.68749237060547,0
The woman wasn't getting a job.,The women wasn't getting a job.,morphology,subject_verb_agreement,irregular_plural_subject_verb_agreement_2,True,False,True,False,416,-38.32131576538086,-39.205142974853516,1
The analyses describe Benjamin.,The analysis describe Benjamin.,morphology,subject_verb_agreement,irregular_plural_subject_verb_agreement_2,True,False,True,False,417,-38.385902404785156,-38.27989196777344,0
The woman wasn't boycotting that legislature.,The women wasn't boycotting that legislature.,morphology,subject_verb_agreement,irregular_plural_subject_verb_agreement_2,True,False,True,False,418,-60.7492790222168,-61.88777542114258,1
The people eat.,The person eat.,morphology,subject_verb_agreement,irregular_plural_subject_verb_agreement_2,True,False,True,False,419,-20.934844970703125,-23.64913558959961,1
The people have succeeded.,The person have succeeded.,morphology,subject_verb_agreement,irregular_plural_subject_verb_agreement_2,True,False,True,False,420,-23.341663360595703,-26.62696075439453,1
The child has talked to Sabrina.,The children has talked to Sabrina.,morphology,subject_verb_agreement,irregular_plural_subject_verb_agreement_2,True,False,True,False,421,-47.09648132324219,-47.599151611328125,1
The man surrenders.,The men surrenders.,morphology,subject_verb_agreement,irregular_plural_subject_verb_agreement_2,True,False,True,False,422,-37.05950164794922,-39.037776947021484,1
The men pass those mountains.,The man pass those mountains.,morphology,subject_verb_agreement,irregular_plural_subject_verb_agreement_2,True,False,True,False,423,-37.762699127197266,-39.04740905761719,1
The child hasn't cleaned the bank.,The children hasn't cleaned the bank.,morphology,subject_verb_agreement,irregular_plural_subject_verb_agreement_2,True,False,True,False,424,-43.673545837402344,-45.29762649536133,1
The people die.,The person die.,morphology,subject_verb_agreement,irregular_plural_subject_verb_agreement_2,True,False,True,False,425,-19.62118148803711,-20.021432876586914,1
The woman appreciates Jessica.,The women appreciates Jessica.,morphology,subject_verb_agreement,irregular_plural_subject_verb_agreement_2,True,False,True,False,426,-39.70121765136719,-39.52915954589844,0
The ox hasn't fallen asleep.,The oxen hasn't fallen asleep.,morphology,subject_verb_agreement,irregular_plural_subject_verb_agreement_2,True,False,True,False,427,-46.04435729980469,-51.24186706542969,1
The child hides Mark.,The children hides Mark.,morphology,subject_verb_agreement,irregular_plural_subject_verb_agreement_2,True,False,True,False,428,-37.719234466552734,-39.13832092285156,1
The children are profiting.,The child are profiting.,morphology,subject_verb_agreement,irregular_plural_subject_verb_agreement_2,True,False,True,False,429,-30.510189056396484,-32.11265563964844,1
The people argue about music.,The person argue about music.,morphology,subject_verb_agreement,irregular_plural_subject_verb_agreement_2,True,False,True,False,430,-31.92333221435547,-33.50121307373047,1
The lice are disturbing Marie.,The louse are disturbing Marie.,morphology,subject_verb_agreement,irregular_plural_subject_verb_agreement_2,True,False,True,False,431,-49.62507629394531,-51.30900955200195,1
The synopses talk about Dennis.,The synopsis talk about Dennis.,morphology,subject_verb_agreement,irregular_plural_subject_verb_agreement_2,True,False,True,False,432,-50.56575012207031,-38.708099365234375,0
The alumnus hides all books.,The alumni hides all books.,morphology,subject_verb_agreement,irregular_plural_subject_verb_agreement_2,True,False,True,False,433,-51.630584716796875,-39.65546417236328,0
The alumnus boycotts most rivers.,The alumni boycotts most rivers.,morphology,subject_verb_agreement,irregular_plural_subject_verb_agreement_2,True,False,True,False,434,-62.37012481689453,-51.55976104736328,0
The men haven't discovered Becca.,The man haven't discovered Becca.,morphology,subject_verb_agreement,irregular_plural_subject_verb_agreement_2,True,False,True,False,435,-50.036617279052734,-51.072227478027344,1
The alumni have met.,The alumnus have met.,morphology,subject_verb_agreement,irregular_plural_subject_verb_agreement_2,True,False,True,False,436,-26.66751480102539,-39.78759002685547,1
The woman wasn't returning to every movie theater.,The women wasn't returning to every movie theater.,morphology,subject_verb_agreement,irregular_plural_subject_verb_agreement_2,True,False,True,False,437,-61.05960464477539,-62.25559997558594,1
The alumnus thinks about every spotlight.,The alumni thinks about every spotlight.,morphology,subject_verb_agreement,irregular_plural_subject_verb_agreement_2,True,False,True,False,438,-56.758880615234375,-44.88886260986328,0
The parenthesis opens.,The parentheses opens.,morphology,subject_verb_agreement,irregular_plural_subject_verb_agreement_2,True,False,True,False,439,-35.807281494140625,-26.41415786743164,0
The men have hidden away.,The man have hidden away.,morphology,subject_verb_agreement,irregular_plural_subject_verb_agreement_2,True,False,True,False,440,-29.91758155822754,-33.03388977050781,1
The alumnus dislikes Carrie.,The alumni dislikes Carrie.,morphology,subject_verb_agreement,irregular_plural_subject_verb_agreement_2,True,False,True,False,441,-60.13766860961914,-48.338836669921875,0
The person replies.,The people replies.,morphology,subject_verb_agreement,irregular_plural_subject_verb_agreement_2,True,False,True,False,442,-21.043560028076172,-22.642000198364258,1
The children haven't remembered this waitress.,The child haven't remembered this waitress.,morphology,subject_verb_agreement,irregular_plural_subject_verb_agreement_2,True,False,True,False,443,-51.052494049072266,-50.712772369384766,0
The women aren't profiting.,The woman aren't profiting.,morphology,subject_verb_agreement,irregular_plural_subject_verb_agreement_2,True,False,True,False,444,-37.25004959106445,-39.5009765625,1
The child investigates Bruce.,The children investigates Bruce.,morphology,subject_verb_agreement,irregular_plural_subject_verb_agreement_2,True,False,True,False,445,-39.10043716430664,-39.40369415283203,1
The men donate.,The man donate.,morphology,subject_verb_agreement,irregular_plural_subject_verb_agreement_2,True,False,True,False,446,-26.895397186279297,-26.436750411987305,0
The men see Tiffany.,The man see Tiffany.,morphology,subject_verb_agreement,irregular_plural_subject_verb_agreement_2,True,False,True,False,447,-33.55459213256836,-34.581790924072266,1
The analysis embarrasses this committee.,The analyses embarrasses this committee.,morphology,subject_verb_agreement,irregular_plural_subject_verb_agreement_2,True,False,True,False,448,-49.63726043701172,-50.36974334716797,1
The woman was saluting.,The women was saluting.,morphology,subject_verb_agreement,irregular_plural_subject_verb_agreement_2,True,False,True,False,449,-36.67369079589844,-37.68123245239258,1
The child hides Daniel.,The children hides Daniel.,morphology,subject_verb_agreement,irregular_plural_subject_verb_agreement_2,True,False,True,False,450,-38.0268440246582,-39.24839782714844,1
The men appreciate Sarah.,The man appreciate Sarah.,morphology,subject_verb_agreement,irregular_plural_subject_verb_agreement_2,True,False,True,False,451,-35.37311553955078,-35.373775482177734,1
The person isn't bringing this broccoli.,The people isn't bringing this broccoli.,morphology,subject_verb_agreement,irregular_plural_subject_verb_agreement_2,True,False,True,False,452,-46.237281799316406,-48.141563415527344,1
The men are crying.,The man are crying.,morphology,subject_verb_agreement,irregular_plural_subject_verb_agreement_2,True,False,True,False,453,-25.280593872070312,-27.49368667602539,1
The people escape from Kendra.,The person escape from Kendra.,morphology,subject_verb_agreement,irregular_plural_subject_verb_agreement_2,True,False,True,False,454,-42.880306243896484,-44.07849884033203,1
The axes have alarmed these women.,The axis have alarmed these women.,morphology,subject_verb_agreement,irregular_plural_subject_verb_agreement_2,True,False,True,False,455,-50.15803527832031,-46.94748306274414,0
The fungi haven't impressed the ladies.,The fungus haven't impressed the ladies.,morphology,subject_verb_agreement,irregular_plural_subject_verb_agreement_2,True,False,True,False,456,-51.751914978027344,-48.32936477661133,0
The alumni have drunk.,The alumnus have drunk.,morphology,subject_verb_agreement,irregular_plural_subject_verb_agreement_2,True,False,True,False,457,-29.46255874633789,-40.50806427001953,1
The women have coughed.,The woman have coughed.,morphology,subject_verb_agreement,irregular_plural_subject_verb_agreement_2,True,False,True,False,458,-44.50822448730469,-47.460548400878906,1
The alumnus trains.,The alumni trains.,morphology,subject_verb_agreement,irregular_plural_subject_verb_agreement_2,True,False,True,False,459,-35.72003173828125,-24.61666488647461,0
The stimuli haven't worried many guests.,The stimulus haven't worried many guests.,morphology,subject_verb_agreement,irregular_plural_subject_verb_agreement_2,True,False,True,False,460,-56.83583068847656,-54.963897705078125,0
The people kiss that boy.,The person kiss that boy.,morphology,subject_verb_agreement,irregular_plural_subject_verb_agreement_2,True,False,True,False,461,-38.0223388671875,-37.871925354003906,0
The diagnoses disgust Caroline.,The diagnosis disgust Caroline.,morphology,subject_verb_agreement,irregular_plural_subject_verb_agreement_2,True,False,True,False,462,-44.355934143066406,-42.17344665527344,0
The children haven't testified.,The child haven't testified.,morphology,subject_verb_agreement,irregular_plural_subject_verb_agreement_2,True,False,True,False,463,-38.21363830566406,-37.597747802734375,0
The alumni observe John.,The alumnus observe John.,morphology,subject_verb_agreement,irregular_plural_subject_verb_agreement_2,True,False,True,False,464,-38.04594039916992,-51.200660705566406,1
The octopi are astounding Kristen.,The octopus are astounding Kristen.,morphology,subject_verb_agreement,irregular_plural_subject_verb_agreement_2,True,False,True,False,465,-61.08685302734375,-60.41481018066406,0
The alumnus heals Galileo.,The alumni heals Galileo.,morphology,subject_verb_agreement,irregular_plural_subject_verb_agreement_2,True,False,True,False,466,-54.06822204589844,-41.567466735839844,0
The men have thought about Wayne.,The man have thought about Wayne.,morphology,subject_verb_agreement,irregular_plural_subject_verb_agreement_2,True,False,True,False,467,-38.75590133666992,-41.11847686767578,1
The analysis was irritating those senators.,The analyses was irritating those senators.,morphology,subject_verb_agreement,irregular_plural_subject_verb_agreement_2,True,False,True,False,468,-48.98329544067383,-50.01144790649414,1
The men haven't dated.,The man haven't dated.,morphology,subject_verb_agreement,irregular_plural_subject_verb_agreement_2,True,False,True,False,469,-34.971832275390625,-35.92668151855469,1
The man hasn't investigated Becca.,The men hasn't investigated Becca.,morphology,subject_verb_agreement,irregular_plural_subject_verb_agreement_2,True,False,True,False,470,-53.60714340209961,-53.87736511230469,1
The child has taken every convertible.,The children has taken every convertible.,morphology,subject_verb_agreement,irregular_plural_subject_verb_agreement_2,True,False,True,False,471,-39.25472640991211,-39.9647331237793,1
The women have questioned Clyde.,The woman have questioned Clyde.,morphology,subject_verb_agreement,irregular_plural_subject_verb_agreement_2,True,False,True,False,472,-40.481895446777344,-43.89035415649414,1
The person is hiding this eggplant.,The people is hiding this eggplant.,morphology,subject_verb_agreement,irregular_plural_subject_verb_agreement_2,True,False,True,False,473,-50.11479949951172,-53.2012825012207,1
The children were competing.,The child were competing.,morphology,subject_verb_agreement,irregular_plural_subject_verb_agreement_2,True,False,True,False,474,-24.5798397064209,-26.917194366455078,1
The child hasn't exited some movie theater.,The children hasn't exited some movie theater.,morphology,subject_verb_agreement,irregular_plural_subject_verb_agreement_2,True,False,True,False,475,-61.81819534301758,-62.69694900512695,1
The child hasn't spoken up.,The children hasn't spoken up.,morphology,subject_verb_agreement,irregular_plural_subject_verb_agreement_2,True,False,True,False,476,-39.20513916015625,-39.50738525390625,1
The alumni drink.,The alumnus drink.,morphology,subject_verb_agreement,irregular_plural_subject_verb_agreement_2,True,False,True,False,477,-26.210737228393555,-36.216793060302734,1
The women aren't hugging.,The woman aren't hugging.,morphology,subject_verb_agreement,irregular_plural_subject_verb_agreement_2,True,False,True,False,478,-34.46015930175781,-36.311729431152344,1
The children have dropped by art galleries.,The child have dropped by art galleries.,morphology,subject_verb_agreement,irregular_plural_subject_verb_agreement_2,True,False,True,False,479,-44.267723083496094,-46.439701080322266,1
The women aren't buying a snake.,The woman aren't buying a snake.,morphology,subject_verb_agreement,irregular_plural_subject_verb_agreement_2,True,False,True,False,480,-43.70079040527344,-45.11709213256836,1
The alumnus hasn't listened to Melinda.,The alumni hasn't listened to Melinda.,morphology,subject_verb_agreement,irregular_plural_subject_verb_agreement_2,True,False,True,False,481,-68.69739532470703,-55.850425720214844,0
The woman jokes around.,The women jokes around.,morphology,subject_verb_agreement,irregular_plural_subject_verb_agreement_2,True,False,True,False,482,-33.789337158203125,-34.78181457519531,1
The woman isn't whispering.,The women isn't whispering.,morphology,subject_verb_agreement,irregular_plural_subject_verb_agreement_2,True,False,True,False,483,-34.3337287902832,-34.50077438354492,1
The women ascend that ladder.,The woman ascend that ladder.,morphology,subject_verb_agreement,irregular_plural_subject_verb_agreement_2,True,False,True,False,484,-46.580238342285156,-46.6684684753418,1
The hypotheses stun Kevin.,The hypothesis stun Kevin.,morphology,subject_verb_agreement,irregular_plural_subject_verb_agreement_2,True,False,True,False,485,-40.474517822265625,-40.28826141357422,0
The women conceal Chad.,The woman conceal Chad.,morphology,subject_verb_agreement,irregular_plural_subject_verb_agreement_2,True,False,True,False,486,-39.557472229003906,-39.429779052734375,0
The children were observing Wendy.,The child were observing Wendy.,morphology,subject_verb_agreement,irregular_plural_subject_verb_agreement_2,True,False,True,False,487,-39.76612854003906,-42.51994323730469,1
The paralysis was distracting every girl.,The paralyses was distracting every girl.,morphology,subject_verb_agreement,irregular_plural_subject_verb_agreement_2,True,False,True,False,488,-48.79719161987305,-58.947837829589844,1
The people bores Kevin.,The person bores Kevin.,morphology,subject_verb_agreement,irregular_plural_subject_verb_agreement_2,True,False,True,False,489,-42.73260498046875,-42.06230926513672,0
The women aren't reacting.,The woman aren't reacting.,morphology,subject_verb_agreement,irregular_plural_subject_verb_agreement_2,True,False,True,False,490,-33.746707916259766,-35.72706985473633,1
The man hasn't wept.,The men hasn't wept.,morphology,subject_verb_agreement,irregular_plural_subject_verb_agreement_2,True,False,True,False,491,-43.15707778930664,-43.351600646972656,1
The men tour the art galleries.,The man tour the art galleries.,morphology,subject_verb_agreement,irregular_plural_subject_verb_agreement_2,True,False,True,False,492,-41.64530563354492,-41.49945068359375,0
The synopsis lies.,The synopses lies.,morphology,subject_verb_agreement,irregular_plural_subject_verb_agreement_2,True,False,True,False,493,-24.81459617614746,-36.06925582885742,1
The mouse hasn't hurt Danielle.,The mice hasn't hurt Danielle.,morphology,subject_verb_agreement,irregular_plural_subject_verb_agreement_2,True,False,True,False,494,-42.31459426879883,-46.51618194580078,1
The children are retaliating.,The child are retaliating.,morphology,subject_verb_agreement,irregular_plural_subject_verb_agreement_2,True,False,True,False,495,-34.358585357666016,-36.41373825073242,1
The children have forfeited.,The child have forfeited.,morphology,subject_verb_agreement,irregular_plural_subject_verb_agreement_2,True,False,True,False,496,-34.71848678588867,-36.891727447509766,1
The child washes.,The children washes.,morphology,subject_verb_agreement,irregular_plural_subject_verb_agreement_2,True,False,True,False,497,-27.301258087158203,-27.31012725830078,1
The child has joked around.,The children has joked around.,morphology,subject_verb_agreement,irregular_plural_subject_verb_agreement_2,True,False,True,False,498,-35.78577423095703,-37.163536071777344,1
The alumnus is complaining.,The alumni is complaining.,morphology,subject_verb_agreement,irregular_plural_subject_verb_agreement_2,True,False,True,False,499,-40.01109313964844,-29.21566390991211,0
The children get a job.,The child get a job.,morphology,subject_verb_agreement,irregular_plural_subject_verb_agreement_2,True,False,True,False,500,-27.352148056030273,-28.47757911682129,1
The child hides.,The children hides.,morphology,subject_verb_agreement,irregular_plural_subject_verb_agreement_2,True,False,True,False,501,-26.184490203857422,-27.184783935546875,1
The men haven't left most pedestrians.,The man haven't left most pedestrians.,morphology,subject_verb_agreement,irregular_plural_subject_verb_agreement_2,True,False,True,False,502,-48.85730743408203,-50.16120910644531,1
The person copes.,The people copes.,morphology,subject_verb_agreement,irregular_plural_subject_verb_agreement_2,True,False,True,False,503,-28.050323486328125,-29.083059310913086,1
The men haven't explained everything.,The man haven't explained everything.,morphology,subject_verb_agreement,irregular_plural_subject_verb_agreement_2,True,False,True,False,504,-40.18135452270508,-40.959495544433594,1
The child sounds like Cindy.,The children sounds like Cindy.,morphology,subject_verb_agreement,irregular_plural_subject_verb_agreement_2,True,False,True,False,505,-36.6146240234375,-36.97999954223633,1
The woman hasn't cheered.,The women hasn't cheered.,morphology,subject_verb_agreement,irregular_plural_subject_verb_agreement_2,True,False,True,False,506,-36.96726989746094,-37.18434143066406,1
The men reference Kenneth.,The man reference Kenneth.,morphology,subject_verb_agreement,irregular_plural_subject_verb_agreement_2,True,False,True,False,507,-41.70542526245117,-41.20039749145508,0
The children cheer.,The child cheer.,morphology,subject_verb_agreement,irregular_plural_subject_verb_agreement_2,True,False,True,False,508,-25.21575164794922,-25.63311004638672,1
The children boast about Peter.,The child boast about Peter.,morphology,subject_verb_agreement,irregular_plural_subject_verb_agreement_2,True,False,True,False,509,-42.394683837890625,-43.048927307128906,1
The children correspond.,The child correspond.,morphology,subject_verb_agreement,irregular_plural_subject_verb_agreement_2,True,False,True,False,510,-24.230274200439453,-24.6455020904541,1
The people boast about Vanessa.,The person boast about Vanessa.,morphology,subject_verb_agreement,irregular_plural_subject_verb_agreement_2,True,False,True,False,511,-39.42887878417969,-39.871482849121094,1
The radius hasn't aggravated Bethany.,The radii hasn't aggravated Bethany.,morphology,subject_verb_agreement,irregular_plural_subject_verb_agreement_2,True,False,True,False,512,-59.995033264160156,-64.13897705078125,1
The woman isn't boycotting some college campuses.,The women isn't boycotting some college campuses.,morphology,subject_verb_agreement,irregular_plural_subject_verb_agreement_2,True,False,True,False,513,-67.27049255371094,-67.11790466308594,0
The men weren't upsetting Michelle.,The man weren't upsetting Michelle.,morphology,subject_verb_agreement,irregular_plural_subject_verb_agreement_2,True,False,True,False,514,-49.30559158325195,-50.40969467163086,1
The woman returns to Katherine.,The women returns to Katherine.,morphology,subject_verb_agreement,irregular_plural_subject_verb_agreement_2,True,False,True,False,515,-37.33000946044922,-37.33800506591797,1
The people stretch.,The person stretch.,morphology,subject_verb_agreement,irregular_plural_subject_verb_agreement_2,True,False,True,False,516,-22.929723739624023,-22.888107299804688,0
The children aren't referencing Lissa.,The child aren't referencing Lissa.,morphology,subject_verb_agreement,irregular_plural_subject_verb_agreement_2,True,False,True,False,517,-52.9676513671875,-53.395591735839844,1
The woman breaks this cart.,The women breaks this cart.,morphology,subject_verb_agreement,irregular_plural_subject_verb_agreement_2,True,False,True,False,518,-41.124202728271484,-41.687313079833984,1
The alumnus hasn't forgotten some guests.,The alumni hasn't forgotten some guests.,morphology,subject_verb_agreement,irregular_plural_subject_verb_agreement_2,True,False,True,False,519,-60.9940299987793,-48.46334457397461,0
The man is describing Mitchell.,The men is describing Mitchell.,morphology,subject_verb_agreement,irregular_plural_subject_verb_agreement_2,True,False,True,False,520,-38.45062255859375,-39.16114044189453,1
The women clash.,The woman clash.,morphology,subject_verb_agreement,irregular_plural_subject_verb_agreement_2,True,False,True,False,521,-24.749927520751953,-24.981189727783203,1
The men investigate most guests.,The man investigate most guests.,morphology,subject_verb_agreement,irregular_plural_subject_verb_agreement_2,True,False,True,False,522,-40.04636001586914,-41.20636749267578,1
The child hasn't sounded like Tara.,The children hasn't sounded like Tara.,morphology,subject_verb_agreement,irregular_plural_subject_verb_agreement_2,True,False,True,False,523,-51.26744079589844,-52.121246337890625,1
The women dislike Noah.,The woman dislike Noah.,morphology,subject_verb_agreement,irregular_plural_subject_verb_agreement_2,True,False,True,False,524,-36.31835174560547,-36.762367248535156,1
The men break that plate.,The man break that plate.,morphology,subject_verb_agreement,irregular_plural_subject_verb_agreement_2,True,False,True,False,525,-38.85609436035156,-39.197540283203125,1
The child leaves Brenda.,The children leaves Brenda.,morphology,subject_verb_agreement,irregular_plural_subject_verb_agreement_2,True,False,True,False,526,-38.806182861328125,-38.697147369384766,0
The men haven't worried.,The man haven't worried.,morphology,subject_verb_agreement,irregular_plural_subject_verb_agreement_2,True,False,True,False,527,-33.05823516845703,-33.957210540771484,1
The alumni are falling asleep.,The alumnus are falling asleep.,morphology,subject_verb_agreement,irregular_plural_subject_verb_agreement_2,True,False,True,False,528,-31.855640411376953,-44.87608337402344,1
The man wasn't thinking about this skateboard.,The men wasn't thinking about this skateboard.,morphology,subject_verb_agreement,irregular_plural_subject_verb_agreement_2,True,False,True,False,529,-55.423728942871094,-55.852012634277344,1
The man has attacked the waitress.,The men has attacked the waitress.,morphology,subject_verb_agreement,irregular_plural_subject_verb_agreement_2,True,False,True,False,530,-39.749263763427734,-39.72354507446289,0
The man hasn't concurred.,The men hasn't concurred.,morphology,subject_verb_agreement,irregular_plural_subject_verb_agreement_2,True,False,True,False,531,-45.816184997558594,-45.63280487060547,0
The person cooperates.,The people cooperates.,morphology,subject_verb_agreement,irregular_plural_subject_verb_agreement_2,True,False,True,False,532,-26.505495071411133,-26.215320587158203,0
The people struggle.,The person struggle.,morphology,subject_verb_agreement,irregular_plural_subject_verb_agreement_2,True,False,True,False,533,-19.22113037109375,-20.376445770263672,1
The child studies.,The children studies.,morphology,subject_verb_agreement,irregular_plural_subject_verb_agreement_2,True,False,True,False,534,-20.868892669677734,-19.602712631225586,0
The feet vanish.,The foot vanish.,morphology,subject_verb_agreement,irregular_plural_subject_verb_agreement_2,True,False,True,False,535,-25.704219818115234,-25.740676879882812,1
The children forget Grace.,The child forget Grace.,morphology,subject_verb_agreement,irregular_plural_subject_verb_agreement_2,True,False,True,False,536,-35.51268005371094,-36.515525817871094,1
The woman was passing this library.,The women was passing this library.,morphology,subject_verb_agreement,irregular_plural_subject_verb_agreement_2,True,False,True,False,537,-42.993438720703125,-44.21617126464844,1
The men aren't corresponding.,The man aren't corresponding.,morphology,subject_verb_agreement,irregular_plural_subject_verb_agreement_2,True,False,True,False,538,-34.84296417236328,-35.67604064941406,1
The children have clashed.,The child have clashed.,morphology,subject_verb_agreement,irregular_plural_subject_verb_agreement_2,True,False,True,False,539,-30.153657913208008,-31.715808868408203,1
The people cope.,The person cope.,morphology,subject_verb_agreement,irregular_plural_subject_verb_agreement_2,True,False,True,False,540,-21.710472106933594,-22.405160903930664,1
The man hasn't walked through the mall.,The men hasn't walked through the mall.,morphology,subject_verb_agreement,irregular_plural_subject_verb_agreement_2,True,False,True,False,541,-47.45160675048828,-47.37856674194336,0
The man hasn't hunted.,The men hasn't hunted.,morphology,subject_verb_agreement,irregular_plural_subject_verb_agreement_2,True,False,True,False,542,-35.734703063964844,-35.531349182128906,0
The children haven't wept.,The child haven't wept.,morphology,subject_verb_agreement,irregular_plural_subject_verb_agreement_2,True,False,True,False,543,-43.90342330932617,-43.75886535644531,0
The men whisper.,The man whisper.,morphology,subject_verb_agreement,irregular_plural_subject_verb_agreement_2,True,False,True,False,544,-26.704158782958984,-25.250415802001953,0
The child has bought the spinach.,The children has bought the spinach.,morphology,subject_verb_agreement,irregular_plural_subject_verb_agreement_2,True,False,True,False,545,-38.88186264038086,-38.976646423339844,1
The alumni break that window.,The alumnus break that window.,morphology,subject_verb_agreement,irregular_plural_subject_verb_agreement_2,True,False,True,False,546,-42.040977478027344,-53.9261360168457,1
The woman hides Karla.,The women hides Karla.,morphology,subject_verb_agreement,irregular_plural_subject_verb_agreement_2,True,False,True,False,547,-43.93497085571289,-44.79193115234375,1
The alumni train.,The alumnus train.,morphology,subject_verb_agreement,irregular_plural_subject_verb_agreement_2,True,False,True,False,548,-24.62856674194336,-35.44691467285156,1
The teeth chip.,The tooth chip.,morphology,subject_verb_agreement,irregular_plural_subject_verb_agreement_2,True,False,True,False,549,-22.653207778930664,-22.3011531829834,0
The man isn't dropping by some museum.,The men isn't dropping by some museum.,morphology,subject_verb_agreement,irregular_plural_subject_verb_agreement_2,True,False,True,False,550,-51.38593292236328,-52.03550720214844,1
The man scans most movies.,The men scans most movies.,morphology,subject_verb_agreement,irregular_plural_subject_verb_agreement_2,True,False,True,False,551,-41.74729537963867,-42.06660461425781,1
The children reference Erin.,The child reference Erin.,morphology,subject_verb_agreement,irregular_plural_subject_verb_agreement_2,True,False,True,False,552,-40.295875549316406,-40.81938934326172,1
The man hasn't shouted.,The men hasn't shouted.,morphology,subject_verb_agreement,irregular_plural_subject_verb_agreement_2,True,False,True,False,553,-35.77048873901367,-35.83564758300781,1
The child talks to Roger.,The children talks to Roger.,morphology,subject_verb_agreement,irregular_plural_subject_verb_agreement_2,True,False,True,False,554,-37.321285247802734,-37.51435852050781,1
The child hasn't gone fishing.,The children hasn't gone fishing.,morphology,subject_verb_agreement,irregular_plural_subject_verb_agreement_2,True,False,True,False,555,-43.15819549560547,-43.94756317138672,1
The woman was exiting every closet.,The women was exiting every closet.,morphology,subject_verb_agreement,irregular_plural_subject_verb_agreement_2,True,False,True,False,556,-43.96318817138672,-45.28655242919922,1
The thesis wins.,The theses wins.,morphology,subject_verb_agreement,irregular_plural_subject_verb_agreement_2,True,False,True,False,557,-23.689109802246094,-28.908510208129883,1
The children weren't investigating Clyde.,The child weren't investigating Clyde.,morphology,subject_verb_agreement,irregular_plural_subject_verb_agreement_2,True,False,True,False,558,-50.26348114013672,-50.84225082397461,1
The theses haven't astounded Marie.,The thesis haven't astounded Marie.,morphology,subject_verb_agreement,irregular_plural_subject_verb_agreement_2,True,False,True,False,559,-65.03282165527344,-59.95728302001953,0
The man is hugging Jerry.,The men is hugging Jerry.,morphology,subject_verb_agreement,irregular_plural_subject_verb_agreement_2,True,False,True,False,560,-42.92180633544922,-42.871337890625,0
The alumnus escapes from Jessica.,The alumni escapes from Jessica.,morphology,subject_verb_agreement,irregular_plural_subject_verb_agreement_2,True,False,True,False,561,-52.0126953125,-39.8707275390625,0
The hypothesis is worrying Stacy.,The hypotheses is worrying Stacy.,morphology,subject_verb_agreement,irregular_plural_subject_verb_agreement_2,True,False,True,False,562,-44.21686553955078,-44.852508544921875,1
The stimuli have bothered some museum.,The stimulus have bothered some museum.,morphology,subject_verb_agreement,irregular_plural_subject_verb_agreement_2,True,False,True,False,563,-49.12425231933594,-47.54073715209961,0
The woman wasn't studying.,The women wasn't studying.,morphology,subject_verb_agreement,irregular_plural_subject_verb_agreement_2,True,False,True,False,564,-35.44236755371094,-36.67802429199219,1
The man writes.,The men writes.,morphology,subject_verb_agreement,irregular_plural_subject_verb_agreement_2,True,False,True,False,565,-23.16913604736328,-23.675785064697266,1
The men have fixed this fork.,The man have fixed this fork.,morphology,subject_verb_agreement,irregular_plural_subject_verb_agreement_2,True,False,True,False,566,-42.060089111328125,-45.168861389160156,1
The parentheses open.,The parenthesis open.,morphology,subject_verb_agreement,irregular_plural_subject_verb_agreement_2,True,False,True,False,567,-26.702091217041016,-35.51195526123047,1
The men aggravate Vanessa.,The man aggravate Vanessa.,morphology,subject_verb_agreement,irregular_plural_subject_verb_agreement_2,True,False,True,False,568,-40.56736755371094,-40.39921569824219,0
The people were yelling.,The person were yelling.,morphology,subject_verb_agreement,irregular_plural_subject_verb_agreement_2,True,False,True,False,569,-24.960716247558594,-27.406475067138672,1
The women arrive at some college campuses.,The woman arrive at some college campuses.,morphology,subject_verb_agreement,irregular_plural_subject_verb_agreement_2,True,False,True,False,570,-46.65940475463867,-49.04655075073242,1
The men impresses Steven.,The man impresses Steven.,morphology,subject_verb_agreement,irregular_plural_subject_verb_agreement_2,True,False,True,False,571,-43.576683044433594,-42.59931945800781,0
The alumni aren't drinking.,The alumnus aren't drinking.,morphology,subject_verb_agreement,irregular_plural_subject_verb_agreement_2,True,False,True,False,572,-34.90077590942383,-47.879634857177734,1
The crises haven't hurt Gerald.,The crisis haven't hurt Gerald.,morphology,subject_verb_agreement,irregular_plural_subject_verb_agreement_2,True,False,True,False,573,-49.67827606201172,-48.47394561767578,0
The alumni cure Carla.,The alumnus cure Carla.,morphology,subject_verb_agreement,irregular_plural_subject_verb_agreement_2,True,False,True,False,574,-43.22117614746094,-55.17560577392578,1
The men love Keith.,The man love Keith.,morphology,subject_verb_agreement,irregular_plural_subject_verb_agreement_2,True,False,True,False,575,-33.103797912597656,-34.48453903198242,1
The woman hasn't washed.,The women hasn't washed.,morphology,subject_verb_agreement,irregular_plural_subject_verb_agreement_2,True,False,True,False,576,-35.11460876464844,-35.422245025634766,1
The child hasn't yawned.,The children hasn't yawned.,morphology,subject_verb_agreement,irregular_plural_subject_verb_agreement_2,True,False,True,False,577,-42.279640197753906,-42.78398513793945,1
The woman has changed.,The women has changed.,morphology,subject_verb_agreement,irregular_plural_subject_verb_agreement_2,True,False,True,False,578,-24.007532119750977,-23.653968811035156,0
The child hasn't cured Melanie.,The children hasn't cured Melanie.,morphology,subject_verb_agreement,irregular_plural_subject_verb_agreement_2,True,False,True,False,579,-51.837371826171875,-52.79890060424805,1
The person isn't cleaning every glacier.,The people isn't cleaning every glacier.,morphology,subject_verb_agreement,irregular_plural_subject_verb_agreement_2,True,False,True,False,580,-46.710723876953125,-48.644710540771484,1
The alumnus lifts that ice cream.,The alumni lifts that ice cream.,morphology,subject_verb_agreement,irregular_plural_subject_verb_agreement_2,True,False,True,False,581,-53.460487365722656,-44.20163345336914,0
The men have kissed.,The man have kissed.,morphology,subject_verb_agreement,irregular_plural_subject_verb_agreement_2,True,False,True,False,582,-31.915510177612305,-34.84120178222656,1
The people aren't explaining everything.,The person aren't explaining everything.,morphology,subject_verb_agreement,irregular_plural_subject_verb_agreement_2,True,False,True,False,583,-35.033958435058594,-36.70618438720703,1
The man was exercising.,The men was exercising.,morphology,subject_verb_agreement,irregular_plural_subject_verb_agreement_2,True,False,True,False,584,-27.344440460205078,-28.122600555419922,1
The men were criticizing Kimberley.,The man were criticizing Kimberley.,morphology,subject_verb_agreement,irregular_plural_subject_verb_agreement_2,True,False,True,False,585,-41.87871551513672,-43.849159240722656,1
The child isn't standing up.,The children isn't standing up.,morphology,subject_verb_agreement,irregular_plural_subject_verb_agreement_2,True,False,True,False,586,-34.09661102294922,-35.00128936767578,1
The woman is spinning around.,The women is spinning around.,morphology,subject_verb_agreement,irregular_plural_subject_verb_agreement_2,True,False,True,False,587,-32.67033004760742,-32.64106750488281,0
The men have boycotted all malls.,The man have boycotted all malls.,morphology,subject_verb_agreement,irregular_plural_subject_verb_agreement_2,True,False,True,False,588,-65.64881896972656,-69.20076751708984,1
The women have bought some unicycle.,The woman have bought some unicycle.,morphology,subject_verb_agreement,irregular_plural_subject_verb_agreement_2,True,False,True,False,589,-47.1686897277832,-50.27191162109375,1
The woman is skated around the hospital.,The women is skated around the hospital.,morphology,subject_verb_agreement,irregular_plural_subject_verb_agreement_2,True,False,True,False,590,-49.76182556152344,-49.2756233215332,0
The child hasn't messed up some movie theaters.,The children hasn't messed up some movie theaters.,morphology,subject_verb_agreement,irregular_plural_subject_verb_agreement_2,True,False,True,False,591,-63.857872009277344,-64.61121368408203,1
The people learn.,The person learn.,morphology,subject_verb_agreement,irregular_plural_subject_verb_agreement_2,True,False,True,False,592,-19.699016571044922,-21.91910171508789,1
The alumni weren't lifting the photographs.,The alumnus weren't lifting the photographs.,morphology,subject_verb_agreement,irregular_plural_subject_verb_agreement_2,True,False,True,False,593,-47.765174865722656,-61.376670837402344,1
The analyses discuss Connie.,The analysis discuss Connie.,morphology,subject_verb_agreement,irregular_plural_subject_verb_agreement_2,True,False,True,False,594,-39.40162658691406,-39.09046173095703,0
The people haven't skated around the movie theater.,The person haven't skated around the movie theater.,morphology,subject_verb_agreement,irregular_plural_subject_verb_agreement_2,True,False,True,False,595,-64.52777099609375,-65.19692993164062,1
The man isn't messing up the high school.,The men isn't messing up the high school.,morphology,subject_verb_agreement,irregular_plural_subject_verb_agreement_2,True,False,True,False,596,-50.42291259765625,-49.94259262084961,0
The man was concealing Joel.,The men was concealing Joel.,morphology,subject_verb_agreement,irregular_plural_subject_verb_agreement_2,True,False,True,False,597,-49.12421417236328,-49.425018310546875,1
The woman isn't exiting that public park.,The women isn't exiting that public park.,morphology,subject_verb_agreement,irregular_plural_subject_verb_agreement_2,True,False,True,False,598,-58.73394775390625,-59.303951263427734,1
The men are reuniting.,The man are reuniting.,morphology,subject_verb_agreement,irregular_plural_subject_verb_agreement_2,True,False,True,False,599,-34.42240905761719,-36.75113296508789,1
The men aren't firing Sheila.,The man aren't firing Sheila.,morphology,subject_verb_agreement,irregular_plural_subject_verb_agreement_2,True,False,True,False,600,-47.76911544799805,-48.519775390625,1
The children were appreciating some museum.,The child were appreciating some museum.,morphology,subject_verb_agreement,irregular_plural_subject_verb_agreement_2,True,False,True,False,601,-46.567596435546875,-49.65977478027344,1
The person hires Jesus.,The people hires Jesus.,morphology,subject_verb_agreement,irregular_plural_subject_verb_agreement_2,True,False,True,False,602,-31.212303161621094,-32.017303466796875,1
The alumni date.,The alumnus date.,morphology,subject_verb_agreement,irregular_plural_subject_verb_agreement_2,True,False,True,False,603,-21.7556209564209,-33.959716796875,1
The woman was visiting Amelia.,The women was visiting Amelia.,morphology,subject_verb_agreement,irregular_plural_subject_verb_agreement_2,True,False,True,False,604,-38.347930908203125,-38.4332389831543,1
The women are working with Janice.,The woman are working with Janice.,morphology,subject_verb_agreement,irregular_plural_subject_verb_agreement_2,True,False,True,False,605,-40.248138427734375,-44.05850601196289,1
The men descend some hill.,The man descend some hill.,morphology,subject_verb_agreement,irregular_plural_subject_verb_agreement_2,True,False,True,False,606,-43.16835403442383,-42.012691497802734,0
The women have played.,The woman have played.,morphology,subject_verb_agreement,irregular_plural_subject_verb_agreement_2,True,False,True,False,607,-24.80257797241211,-27.59427833557129,1
The person looks like sketches.,The people looks like sketches.,morphology,subject_verb_agreement,irregular_plural_subject_verb_agreement_2,True,False,True,False,608,-32.63539123535156,-34.178932189941406,1
The woman wasn't coughing.,The women wasn't coughing.,morphology,subject_verb_agreement,irregular_plural_subject_verb_agreement_2,True,False,True,False,609,-36.49103546142578,-37.48680114746094,1
The women were healing David.,The woman were healing David.,morphology,subject_verb_agreement,irregular_plural_subject_verb_agreement_2,True,False,True,False,610,-41.19981384277344,-42.717716217041016,1
The diagnosis distracts Harvard University.,The diagnoses distracts Harvard University.,morphology,subject_verb_agreement,irregular_plural_subject_verb_agreement_2,True,False,True,False,611,-42.073123931884766,-44.515159606933594,1
The paralyses disgust John.,The paralysis disgust John.,morphology,subject_verb_agreement,irregular_plural_subject_verb_agreement_2,True,False,True,False,612,-56.239410400390625,-43.957130432128906,0
The men hire Rodney.,The man hire Rodney.,morphology,subject_verb_agreement,irregular_plural_subject_verb_agreement_2,True,False,True,False,613,-36.904945373535156,-37.95640182495117,1
The parentheses fling open.,The parenthesis fling open.,morphology,subject_verb_agreement,irregular_plural_subject_verb_agreement_2,True,False,True,False,614,-42.36376953125,-52.97295379638672,1
The alumni aren't questioning Winston Churchill.,The alumnus aren't questioning Winston Churchill.,morphology,subject_verb_agreement,irregular_plural_subject_verb_agreement_2,True,False,True,False,615,-56.81732177734375,-69.45632934570312,1
The analysis conceals the lady.,The analyses conceals the lady.,morphology,subject_verb_agreement,irregular_plural_subject_verb_agreement_2,True,False,True,False,616,-51.85820770263672,-51.69647979736328,0
The analyses disagree with Tiffany.,The analysis disagree with Tiffany.,morphology,subject_verb_agreement,irregular_plural_subject_verb_agreement_2,True,False,True,False,617,-43.743595123291016,-43.688392639160156,0
The person wasn't skated around the glacier.,The people wasn't skated around the glacier.,morphology,subject_verb_agreement,irregular_plural_subject_verb_agreement_2,True,False,True,False,618,-56.20695877075195,-56.92427444458008,1
The woman hasn't gotten a job.,The women hasn't gotten a job.,morphology,subject_verb_agreement,irregular_plural_subject_verb_agreement_2,True,False,True,False,619,-40.67079544067383,-40.96460723876953,1
The man donates.,The men donates.,morphology,subject_verb_agreement,irregular_plural_subject_verb_agreement_2,True,False,True,False,620,-28.921855926513672,-27.555496215820312,0
The child speaks up.,The children speaks up.,morphology,subject_verb_agreement,irregular_plural_subject_verb_agreement_2,True,False,True,False,621,-27.966276168823242,-27.611696243286133,0
The child isn't curing Rodney.,The children isn't curing Rodney.,morphology,subject_verb_agreement,irregular_plural_subject_verb_agreement_2,True,False,True,False,622,-49.27749252319336,-50.26190185546875,1
The women hug Carrie.,The woman hug Carrie.,morphology,subject_verb_agreement,irregular_plural_subject_verb_agreement_2,True,False,True,False,623,-40.73249053955078,-39.79400634765625,0
The women forget Martin.,The woman forget Martin.,morphology,subject_verb_agreement,irregular_plural_subject_verb_agreement_2,True,False,True,False,624,-36.11149597167969,-36.52035140991211,1
The people haven't explored the art galleries.,The person haven't explored the art galleries.,morphology,subject_verb_agreement,irregular_plural_subject_verb_agreement_2,True,False,True,False,625,-49.20038986206055,-50.99637985229492,1
The lice look like that picture.,The louse look like that picture.,morphology,subject_verb_agreement,irregular_plural_subject_verb_agreement_2,True,False,True,False,626,-44.51581954956055,-46.82173538208008,1
The women pass Harvard University.,The woman pass Harvard University.,morphology,subject_verb_agreement,irregular_plural_subject_verb_agreement_2,True,False,True,False,627,-37.3247184753418,-37.96221923828125,1
The child boasts about Catherine.,The children boasts about Catherine.,morphology,subject_verb_agreement,irregular_plural_subject_verb_agreement_2,True,False,True,False,628,-43.183284759521484,-43.169639587402344,0
The man hasn't thought about Samantha.,The men hasn't thought about Samantha.,morphology,subject_verb_agreement,irregular_plural_subject_verb_agreement_2,True,False,True,False,629,-48.54026794433594,-48.70549774169922,1
The synopses talk about Carmen.,The synopsis talk about Carmen.,morphology,subject_verb_agreement,irregular_plural_subject_verb_agreement_2,True,False,True,False,630,-52.08031463623047,-40.585205078125,0
The synopses bother Ann.,The synopsis bother Ann.,morphology,subject_verb_agreement,irregular_plural_subject_verb_agreement_2,True,False,True,False,631,-53.874122619628906,-43.271358489990234,0
The child is cleaning every high school.,The children is cleaning every high school.,morphology,subject_verb_agreement,irregular_plural_subject_verb_agreement_2,True,False,True,False,632,-45.25989532470703,-44.69609069824219,0
The thesis isn't scaring Matt.,The theses isn't scaring Matt.,morphology,subject_verb_agreement,irregular_plural_subject_verb_agreement_2,True,False,True,False,633,-51.35340118408203,-57.84999084472656,1
The children have worried.,The child have worried.,morphology,subject_verb_agreement,irregular_plural_subject_verb_agreement_2,True,False,True,False,634,-27.1024169921875,-28.594234466552734,1
The child hasn't fired every cashier.,The children hasn't fired every cashier.,morphology,subject_verb_agreement,irregular_plural_subject_verb_agreement_2,True,False,True,False,635,-60.19840621948242,-61.27096939086914,1
The men disagree.,The man disagree.,morphology,subject_verb_agreement,irregular_plural_subject_verb_agreement_2,True,False,True,False,636,-24.410245895385742,-24.12387466430664,0
The woman speaks up.,The women speaks up.,morphology,subject_verb_agreement,irregular_plural_subject_verb_agreement_2,True,False,True,False,637,-28.36155128479004,-29.138526916503906,1
The men have worked with Laurie.,The man have worked with Laurie.,morphology,subject_verb_agreement,irregular_plural_subject_verb_agreement_2,True,False,True,False,638,-40.01969909667969,-42.5565071105957,1
The women are arriving at every river.,The woman are arriving at every river.,morphology,subject_verb_agreement,irregular_plural_subject_verb_agreement_2,True,False,True,False,639,-40.93842315673828,-44.84698486328125,1
The mice haven't appeared.,The mouse haven't appeared.,morphology,subject_verb_agreement,irregular_plural_subject_verb_agreement_2,True,False,True,False,640,-37.958045959472656,-34.481571197509766,0
The feet disturb most governments.,The foot disturb most governments.,morphology,subject_verb_agreement,irregular_plural_subject_verb_agreement_2,True,False,True,False,641,-44.360015869140625,-44.14222717285156,0
The alumnus buys this hospital.,The alumni buys this hospital.,morphology,subject_verb_agreement,irregular_plural_subject_verb_agreement_2,True,False,True,False,642,-50.9486198425293,-39.453269958496094,0
The child isn't fixing many dishes.,The children isn't fixing many dishes.,morphology,subject_verb_agreement,irregular_plural_subject_verb_agreement_2,True,False,True,False,643,-49.474456787109375,-50.577396392822266,1
The alumni haven't disagreed.,The alumnus haven't disagreed.,morphology,subject_verb_agreement,irregular_plural_subject_verb_agreement_2,True,False,True,False,644,-39.26166915893555,-53.803466796875,1
The goose hasn't annoyed Alan.,The geese hasn't annoyed Alan.,morphology,subject_verb_agreement,irregular_plural_subject_verb_agreement_2,True,False,True,False,645,-50.732078552246094,-55.17359161376953,1
The phenomenon distracts Randolf.,The phenomena distracts Randolf.,morphology,subject_verb_agreement,irregular_plural_subject_verb_agreement_2,True,False,True,False,646,-54.14781951904297,-54.583744049072266,1
The men haven't shrugged.,The man haven't shrugged.,morphology,subject_verb_agreement,irregular_plural_subject_verb_agreement_2,True,False,True,False,647,-35.28710174560547,-36.46596908569336,1
The men chat.,The man chat.,morphology,subject_verb_agreement,irregular_plural_subject_verb_agreement_2,True,False,True,False,648,-24.77406120300293,-23.70149803161621,0
The cacti distract Tonya.,The cactus distract Tonya.,morphology,subject_verb_agreement,irregular_plural_subject_verb_agreement_2,True,False,True,False,649,-59.860816955566406,-53.36260986328125,0
The foot is falling apart.,The feet is falling apart.,morphology,subject_verb_agreement,irregular_plural_subject_verb_agreement_2,True,False,True,False,650,-31.292633056640625,-31.581703186035156,1
The tooth falls apart.,The teeth falls apart.,morphology,subject_verb_agreement,irregular_plural_subject_verb_agreement_2,True,False,True,False,651,-29.322158813476562,-28.78664779663086,0
The children aren't investigating this student.,The child aren't investigating this student.,morphology,subject_verb_agreement,irregular_plural_subject_verb_agreement_2,True,False,True,False,652,-46.67526626586914,-47.158878326416016,1
The oxen break planes.,The ox break planes.,morphology,subject_verb_agreement,irregular_plural_subject_verb_agreement_2,True,False,True,False,653,-43.56440734863281,-35.90021514892578,0
The woman has admired all waiters.,The women has admired all waiters.,morphology,subject_verb_agreement,irregular_plural_subject_verb_agreement_2,True,False,True,False,654,-52.8003044128418,-53.086944580078125,1
The alumnus has studied.,The alumni has studied.,morphology,subject_verb_agreement,irregular_plural_subject_verb_agreement_2,True,False,True,False,655,-37.86834716796875,-26.706897735595703,0
The thesis lies.,The theses lies.,morphology,subject_verb_agreement,irregular_plural_subject_verb_agreement_2,True,False,True,False,656,-24.224685668945312,-29.781322479248047,1
The women were corresponding.,The woman were corresponding.,morphology,subject_verb_agreement,irregular_plural_subject_verb_agreement_2,True,False,True,False,657,-27.02627944946289,-29.501415252685547,1
The men resemble some photograph.,The man resemble some photograph.,morphology,subject_verb_agreement,irregular_plural_subject_verb_agreement_2,True,False,True,False,658,-38.01681137084961,-38.22059631347656,1
The medium hasn't alarmed Gina.,The media hasn't alarmed Gina.,morphology,subject_verb_agreement,irregular_plural_subject_verb_agreement_2,True,False,True,False,659,-55.174312591552734,-53.0670051574707,0
The ellipses impress some libraries.,The ellipsis impress some libraries.,morphology,subject_verb_agreement,irregular_plural_subject_verb_agreement_2,True,False,True,False,660,-59.5765380859375,-62.37506866455078,1
The child stands up.,The children stands up.,morphology,subject_verb_agreement,irregular_plural_subject_verb_agreement_2,True,False,True,False,661,-26.713401794433594,-25.944503784179688,0
The synopsis describes Andrew.,The synopses describes Andrew.,morphology,subject_verb_agreement,irregular_plural_subject_verb_agreement_2,True,False,True,False,662,-35.969486236572266,-47.77642822265625,1
The men annoy Paul.,The man annoy Paul.,morphology,subject_verb_agreement,irregular_plural_subject_verb_agreement_2,True,False,True,False,663,-34.95941162109375,-33.371490478515625,0
The people have examined the newspaper article.,The person have examined the newspaper article.,morphology,subject_verb_agreement,irregular_plural_subject_verb_agreement_2,True,False,True,False,664,-45.0786247253418,-47.46473693847656,1
The child arrives at some hills.,The children arrives at some hills.,morphology,subject_verb_agreement,irregular_plural_subject_verb_agreement_2,True,False,True,False,665,-40.43489074707031,-39.456077575683594,0
The children hide.,The child hide.,morphology,subject_verb_agreement,irregular_plural_subject_verb_agreement_2,True,False,True,False,666,-24.971105575561523,-25.37666130065918,1
The alumni salute.,The alumnus salute.,morphology,subject_verb_agreement,irregular_plural_subject_verb_agreement_2,True,False,True,False,667,-28.27166748046875,-39.98345947265625,1
The people were clashing.,The person were clashing.,morphology,subject_verb_agreement,irregular_plural_subject_verb_agreement_2,True,False,True,False,668,-31.647109985351562,-34.29766082763672,1
The woman exercises.,The women exercises.,morphology,subject_verb_agreement,irregular_plural_subject_verb_agreement_2,True,False,True,False,669,-23.9984130859375,-23.42972183227539,0
The child has talked.,The children has talked.,morphology,subject_verb_agreement,irregular_plural_subject_verb_agreement_2,True,False,True,False,670,-25.91019630432129,-26.766727447509766,1
The alumni haven't hated Winston Churchill.,The alumnus haven't hated Winston Churchill.,morphology,subject_verb_agreement,irregular_plural_subject_verb_agreement_2,True,False,True,False,671,-59.066402435302734,-72.73231506347656,1
The men were revealing Donna.,The man were revealing Donna.,morphology,subject_verb_agreement,irregular_plural_subject_verb_agreement_2,True,False,True,False,672,-38.423946380615234,-40.673065185546875,1
The people hug.,The person hug.,morphology,subject_verb_agreement,irregular_plural_subject_verb_agreement_2,True,False,True,False,673,-23.28515625,-24.428422927856445,1
The men aren't talking to Jerry.,The man aren't talking to Jerry.,morphology,subject_verb_agreement,irregular_plural_subject_verb_agreement_2,True,False,True,False,674,-46.96174621582031,-48.01771545410156,1
The person is cleaning many dishes.,The people is cleaning many dishes.,morphology,subject_verb_agreement,irregular_plural_subject_verb_agreement_2,True,False,True,False,675,-42.03861999511719,-44.69080352783203,1
The alumni have retaliated.,The alumnus have retaliated.,morphology,subject_verb_agreement,irregular_plural_subject_verb_agreement_2,True,False,True,False,676,-36.745845794677734,-48.89631652832031,1
The children aren't telephoning.,The child aren't telephoning.,morphology,subject_verb_agreement,irregular_plural_subject_verb_agreement_2,True,False,True,False,677,-50.8991584777832,-51.869571685791016,1
The alumni have assembled.,The alumnus have assembled.,morphology,subject_verb_agreement,irregular_plural_subject_verb_agreement_2,True,False,True,False,678,-28.885135650634766,-40.492584228515625,1
The men haven't reacted.,The man haven't reacted.,morphology,subject_verb_agreement,irregular_plural_subject_verb_agreement_2,True,False,True,False,679,-36.740440368652344,-37.695472717285156,1
The man stretches.,The men stretches.,morphology,subject_verb_agreement,irregular_plural_subject_verb_agreement_2,True,False,True,False,680,-24.225391387939453,-24.965505599975586,1
The alumni murmur.,The alumnus murmur.,morphology,subject_verb_agreement,irregular_plural_subject_verb_agreement_2,True,False,True,False,681,-42.02253723144531,-51.01211929321289,1
The women have conferred.,The woman have conferred.,morphology,subject_verb_agreement,irregular_plural_subject_verb_agreement_2,True,False,True,False,682,-29.306852340698242,-32.55576705932617,1
The woman wasn't listening to a lot of actresses.,The women wasn't listening to a lot of actresses.,morphology,subject_verb_agreement,irregular_plural_subject_verb_agreement_2,True,False,True,False,683,-53.32501220703125,-54.788818359375,1
The alumni pass some malls.,The alumnus pass some malls.,morphology,subject_verb_agreement,irregular_plural_subject_verb_agreement_2,True,False,True,False,684,-43.0301513671875,-54.93552017211914,1
The woman drinks.,The women drinks.,morphology,subject_verb_agreement,irregular_plural_subject_verb_agreement_2,True,False,True,False,685,-24.182926177978516,-24.116321563720703,0
The woman wasn't walking through a river.,The women wasn't walking through a river.,morphology,subject_verb_agreement,irregular_plural_subject_verb_agreement_2,True,False,True,False,686,-47.26038360595703,-49.246212005615234,1
The child is hugging Leslie.,The children is hugging Leslie.,morphology,subject_verb_agreement,irregular_plural_subject_verb_agreement_2,True,False,True,False,687,-42.50297164916992,-42.81566619873047,1
The children aren't reuniting.,The child aren't reuniting.,morphology,subject_verb_agreement,irregular_plural_subject_verb_agreement_2,True,False,True,False,688,-39.182456970214844,-40.26649475097656,1
The child notices this print.,The children notices this print.,morphology,subject_verb_agreement,irregular_plural_subject_verb_agreement_2,True,False,True,False,689,-41.83677673339844,-41.73369598388672,0
The alumni examine those plays.,The alumnus examine those plays.,morphology,subject_verb_agreement,irregular_plural_subject_verb_agreement_2,True,False,True,False,690,-41.896793365478516,-54.450538635253906,1
The men are speaking up.,The man are speaking up.,morphology,subject_verb_agreement,irregular_plural_subject_verb_agreement_2,True,False,True,False,691,-29.904741287231445,-32.96509552001953,1
The men hide away.,The man hide away.,morphology,subject_verb_agreement,irregular_plural_subject_verb_agreement_2,True,False,True,False,692,-27.780607223510742,-28.23435401916504,1
The people see Wayne.,The person see Wayne.,morphology,subject_verb_agreement,irregular_plural_subject_verb_agreement_2,True,False,True,False,693,-30.516151428222656,-33.35411834716797,1
The men mess up every high school.,The man mess up every high school.,morphology,subject_verb_agreement,irregular_plural_subject_verb_agreement_2,True,False,True,False,694,-45.81898880004883,-46.551963806152344,1
The paralyses worry the universities.,The paralysis worry the universities.,morphology,subject_verb_agreement,irregular_plural_subject_verb_agreement_2,True,False,True,False,695,-55.95265579223633,-45.96711730957031,0
The children visit Denise.,The child visit Denise.,morphology,subject_verb_agreement,irregular_plural_subject_verb_agreement_2,True,False,True,False,696,-34.41037368774414,-34.674644470214844,1
The men conspire.,The man conspire.,morphology,subject_verb_agreement,irregular_plural_subject_verb_agreement_2,True,False,True,False,697,-34.78693771362305,-34.238319396972656,0
The synopses change.,The synopsis change.,morphology,subject_verb_agreement,irregular_plural_subject_verb_agreement_2,True,False,True,False,698,-35.877540588378906,-23.91272735595703,0
The people buy these restaurants.,The person buy these restaurants.,morphology,subject_verb_agreement,irregular_plural_subject_verb_agreement_2,True,False,True,False,699,-32.76033020019531,-35.52001190185547,1
The geese have disgusted some association.,The goose have disgusted some association.,morphology,subject_verb_agreement,irregular_plural_subject_verb_agreement_2,True,False,True,False,700,-57.30023956298828,-54.34027099609375,0
The octopus astounds the teenagers.,The octopi astounds the teenagers.,morphology,subject_verb_agreement,irregular_plural_subject_verb_agreement_2,True,False,True,False,701,-61.552772521972656,-62.85778045654297,1
The people tour some hospital.,The person tour some hospital.,morphology,subject_verb_agreement,irregular_plural_subject_verb_agreement_2,True,False,True,False,702,-39.020851135253906,-38.896995544433594,0
The children weren't exploring all restaurants.,The child weren't exploring all restaurants.,morphology,subject_verb_agreement,irregular_plural_subject_verb_agreement_2,True,False,True,False,703,-49.767333984375,-50.61430358886719,1
The woman has read.,The women has read.,morphology,subject_verb_agreement,irregular_plural_subject_verb_agreement_2,True,False,True,False,704,-26.166908264160156,-25.660858154296875,0
The man returns to Stephanie.,The men returns to Stephanie.,morphology,subject_verb_agreement,irregular_plural_subject_verb_agreement_2,True,False,True,False,705,-38.766876220703125,-39.14564514160156,1
The phenomenon shocks this association.,The phenomena shocks this association.,morphology,subject_verb_agreement,irregular_plural_subject_verb_agreement_2,True,False,True,False,706,-43.54833221435547,-44.145423889160156,1
The children were dying.,The child were dying.,morphology,subject_verb_agreement,irregular_plural_subject_verb_agreement_2,True,False,True,False,707,-23.199356079101562,-25.633527755737305,1
The men see.,The man see.,morphology,subject_verb_agreement,irregular_plural_subject_verb_agreement_2,True,False,True,False,708,-23.363426208496094,-23.993656158447266,1
The stimuli bother most drivers.,The stimulus bother most drivers.,morphology,subject_verb_agreement,irregular_plural_subject_verb_agreement_2,True,False,True,False,709,-48.12408447265625,-44.181610107421875,0
The man has listened to Becca.,The men has listened to Becca.,morphology,subject_verb_agreement,irregular_plural_subject_verb_agreement_2,True,False,True,False,710,-42.48595428466797,-42.766319274902344,1
The man approaches some waiter.,The men approaches some waiter.,morphology,subject_verb_agreement,irregular_plural_subject_verb_agreement_2,True,False,True,False,711,-42.170379638671875,-41.513832092285156,0
The men haven't worked hard.,The man haven't worked hard.,morphology,subject_verb_agreement,irregular_plural_subject_verb_agreement_2,True,False,True,False,712,-36.49049758911133,-37.75106430053711,1
The people go to many libraries.,The person go to many libraries.,morphology,subject_verb_agreement,irregular_plural_subject_verb_agreement_2,True,False,True,False,713,-35.535919189453125,-37.762794494628906,1
The stimulus stuns Christina.,The stimuli stuns Christina.,morphology,subject_verb_agreement,irregular_plural_subject_verb_agreement_2,True,False,True,False,714,-49.92579650878906,-49.84894943237305,0
The men walk through most malls.,The man walk through most malls.,morphology,subject_verb_agreement,irregular_plural_subject_verb_agreement_2,True,False,True,False,715,-42.772098541259766,-43.432621002197266,1
The men have watched Curtis.,The man have watched Curtis.,morphology,subject_verb_agreement,irregular_plural_subject_verb_agreement_2,True,False,True,False,716,-37.00387954711914,-39.84765625,1
The alumni have benefited.,The alumnus have benefited.,morphology,subject_verb_agreement,irregular_plural_subject_verb_agreement_2,True,False,True,False,717,-27.955814361572266,-40.091514587402344,1
The alumnus hasn't climbed up a ladder.,The alumni hasn't climbed up a ladder.,morphology,subject_verb_agreement,irregular_plural_subject_verb_agreement_2,True,False,True,False,718,-64.90923309326172,-52.952545166015625,0
The child descends this slope.,The children descends this slope.,morphology,subject_verb_agreement,irregular_plural_subject_verb_agreement_2,True,False,True,False,719,-49.030731201171875,-48.500389099121094,0
The alumni weren't seeing.,The alumnus weren't seeing.,morphology,subject_verb_agreement,irregular_plural_subject_verb_agreement_2,True,False,True,False,720,-37.812896728515625,-50.10466003417969,1
The women benefit.,The woman benefit.,morphology,subject_verb_agreement,irregular_plural_subject_verb_agreement_2,True,False,True,False,721,-21.73179817199707,-24.132545471191406,1
The alumni smile.,The alumnus smile.,morphology,subject_verb_agreement,irregular_plural_subject_verb_agreement_2,True,False,True,False,722,-25.266088485717773,-35.53605651855469,1
The men care for Beverly.,The man care for Beverly.,morphology,subject_verb_agreement,irregular_plural_subject_verb_agreement_2,True,False,True,False,723,-37.737457275390625,-38.43183135986328,1
The alumni disgusts Douglas.,The alumnus disgusts Douglas.,morphology,subject_verb_agreement,irregular_plural_subject_verb_agreement_2,True,False,True,False,724,-47.730682373046875,-58.939369201660156,1
The children distract Heather.,The child distract Heather.,morphology,subject_verb_agreement,irregular_plural_subject_verb_agreement_2,True,False,True,False,725,-38.23179626464844,-39.446693420410156,1
The women cure Alexander.,The woman cure Alexander.,morphology,subject_verb_agreement,irregular_plural_subject_verb_agreement_2,True,False,True,False,726,-37.565147399902344,-37.9574089050293,1
The basis irritates Clyde.,The bases irritates Clyde.,morphology,subject_verb_agreement,irregular_plural_subject_verb_agreement_2,True,False,True,False,727,-44.149452209472656,-45.544517517089844,1
The men see some ice cream.,The man see some ice cream.,morphology,subject_verb_agreement,irregular_plural_subject_verb_agreement_2,True,False,True,False,728,-38.45771789550781,-39.97148132324219,1
The man drinks.,The men drinks.,morphology,subject_verb_agreement,irregular_plural_subject_verb_agreement_2,True,False,True,False,729,-24.0316162109375,-23.937278747558594,0
The alumni haven't fallen asleep.,The alumnus haven't fallen asleep.,morphology,subject_verb_agreement,irregular_plural_subject_verb_agreement_2,True,False,True,False,730,-42.05796813964844,-55.28990173339844,1
The men have eaten.,The man have eaten.,morphology,subject_verb_agreement,irregular_plural_subject_verb_agreement_2,True,False,True,False,731,-24.903308868408203,-28.047061920166016,1
The women weren't washing.,The woman weren't washing.,morphology,subject_verb_agreement,irregular_plural_subject_verb_agreement_2,True,False,True,False,732,-39.36399841308594,-39.776878356933594,1
The teeth alarm Rodney.,The tooth alarm Rodney.,morphology,subject_verb_agreement,irregular_plural_subject_verb_agreement_2,True,False,True,False,733,-38.77971649169922,-38.934303283691406,1
The men divorce.,The man divorce.,morphology,subject_verb_agreement,irregular_plural_subject_verb_agreement_2,True,False,True,False,734,-23.840974807739258,-23.89687156677246,1
The child has cleaned that scarf.,The children has cleaned that scarf.,morphology,subject_verb_agreement,irregular_plural_subject_verb_agreement_2,True,False,True,False,735,-44.84310531616211,-45.868045806884766,1
The men praise Marie.,The man praise Marie.,morphology,subject_verb_agreement,irregular_plural_subject_verb_agreement_2,True,False,True,False,736,-36.093772888183594,-35.62693786621094,0
The analyses weren't concealing Linda.,The analysis weren't concealing Linda.,morphology,subject_verb_agreement,irregular_plural_subject_verb_agreement_2,True,False,True,False,737,-61.799198150634766,-62.965614318847656,1
The analysis was referencing Beth.,The analyses was referencing Beth.,morphology,subject_verb_agreement,irregular_plural_subject_verb_agreement_2,True,False,True,False,738,-42.7987174987793,-44.064918518066406,1
The men have muttered.,The man have muttered.,morphology,subject_verb_agreement,irregular_plural_subject_verb_agreement_2,True,False,True,False,739,-29.301136016845703,-31.99027442932129,1
The feet aren't falling.,The foot aren't falling.,morphology,subject_verb_agreement,irregular_plural_subject_verb_agreement_2,True,False,True,False,740,-34.867122650146484,-35.10048294067383,1
The woman is forfeiting.,The women is forfeiting.,morphology,subject_verb_agreement,irregular_plural_subject_verb_agreement_2,True,False,True,False,741,-35.2370491027832,-34.65506362915039,0
The thesis astounds all associations.,The theses astounds all associations.,morphology,subject_verb_agreement,irregular_plural_subject_verb_agreement_2,True,False,True,False,742,-50.708457946777344,-56.421104431152344,1
The women help Valerie.,The woman help Valerie.,morphology,subject_verb_agreement,irregular_plural_subject_verb_agreement_2,True,False,True,False,743,-35.90779113769531,-38.941898345947266,1
The women arrive at those movie theaters.,The woman arrive at those movie theaters.,morphology,subject_verb_agreement,irregular_plural_subject_verb_agreement_2,True,False,True,False,744,-53.03335952758789,-55.142608642578125,1
The tooth bothers Walter.,The teeth bothers Walter.,morphology,subject_verb_agreement,irregular_plural_subject_verb_agreement_2,True,False,True,False,745,-40.526954650878906,-40.90435791015625,1
The women aren't arguing.,The woman aren't arguing.,morphology,subject_verb_agreement,irregular_plural_subject_verb_agreement_2,True,False,True,False,746,-32.89025115966797,-34.55019760131836,1
The children discover Diane.,The child discover Diane.,morphology,subject_verb_agreement,irregular_plural_subject_verb_agreement_2,True,False,True,False,747,-36.92510223388672,-36.96026611328125,1
The alumnus was complaining about Frank.,The alumni was complaining about Frank.,morphology,subject_verb_agreement,irregular_plural_subject_verb_agreement_2,True,False,True,False,748,-58.87060546875,-44.636924743652344,0
The person wasn't writing.,The people wasn't writing.,morphology,subject_verb_agreement,irregular_plural_subject_verb_agreement_2,True,False,True,False,749,-29.407546997070312,-30.670387268066406,1
The people cook.,The person cook.,morphology,subject_verb_agreement,irregular_plural_subject_verb_agreement_2,True,False,True,False,750,-21.578235626220703,-22.74783706665039,1
The children weren't negotiating.,The child weren't negotiating.,morphology,subject_verb_agreement,irregular_plural_subject_verb_agreement_2,True,False,True,False,751,-38.769371032714844,-38.649288177490234,0
The men have researched some essay.,The man have researched some essay.,morphology,subject_verb_agreement,irregular_plural_subject_verb_agreement_2,True,False,True,False,752,-42.27642822265625,-45.27354431152344,1
The woman criticizes these libraries.,The women criticizes these libraries.,morphology,subject_verb_agreement,irregular_plural_subject_verb_agreement_2,True,False,True,False,753,-47.50088119506836,-46.27886962890625,0
The man breaks most screens.,The men breaks most screens.,morphology,subject_verb_agreement,irregular_plural_subject_verb_agreement_2,True,False,True,False,754,-43.28729248046875,-43.38991165161133,1
The alumni weren't cleaning the pies.,The alumnus weren't cleaning the pies.,morphology,subject_verb_agreement,irregular_plural_subject_verb_agreement_2,True,False,True,False,755,-53.41551208496094,-65.1395034790039,1
The child helps Becky.,The children helps Becky.,morphology,subject_verb_agreement,irregular_plural_subject_verb_agreement_2,True,False,True,False,756,-37.20246124267578,-37.49003601074219,1
The women boast.,The woman boast.,morphology,subject_verb_agreement,irregular_plural_subject_verb_agreement_2,True,False,True,False,757,-25.59316635131836,-26.750537872314453,1
The people weren't dating.,The person weren't dating.,morphology,subject_verb_agreement,irregular_plural_subject_verb_agreement_2,True,False,True,False,758,-31.796062469482422,-32.79322814941406,1
The goose has descended these mountains.,The geese has descended these mountains.,morphology,subject_verb_agreement,irregular_plural_subject_verb_agreement_2,True,False,True,False,759,-49.21675491333008,-52.30315399169922,1
The child references Diana.,The children references Diana.,morphology,subject_verb_agreement,irregular_plural_subject_verb_agreement_2,True,False,True,False,760,-38.21759033203125,-37.4760856628418,0
The child has most pictures.,The children has most pictures.,morphology,subject_verb_agreement,irregular_plural_subject_verb_agreement_2,True,False,True,False,761,-33.35601806640625,-33.55751037597656,1
The child boasts about science.,The children boasts about science.,morphology,subject_verb_agreement,irregular_plural_subject_verb_agreement_2,True,False,True,False,762,-37.382728576660156,-37.45663070678711,1
The oxen find Stacey.,The ox find Stacey.,morphology,subject_verb_agreement,irregular_plural_subject_verb_agreement_2,True,False,True,False,763,-46.71184158325195,-41.41258239746094,0
The thesis wasn't insulting Kayla.,The theses wasn't insulting Kayla.,morphology,subject_verb_agreement,irregular_plural_subject_verb_agreement_2,True,False,True,False,764,-56.595436096191406,-61.466365814208984,1
The child hunts.,The children hunts.,morphology,subject_verb_agreement,irregular_plural_subject_verb_agreement_2,True,False,True,False,765,-23.658199310302734,-23.557636260986328,0
The synopsis has shocked Denise.,The synopses has shocked Denise.,morphology,subject_verb_agreement,irregular_plural_subject_verb_agreement_2,True,False,True,False,766,-42.941688537597656,-55.338226318359375,1
The men sell many cakes.,The man sell many cakes.,morphology,subject_verb_agreement,irregular_plural_subject_verb_agreement_2,True,False,True,False,767,-40.54104232788086,-41.516510009765625,1
The child was dropping by the restaurants.,The children was dropping by the restaurants.,morphology,subject_verb_agreement,irregular_plural_subject_verb_agreement_2,True,False,True,False,768,-39.575138092041016,-39.346946716308594,0
The men walk through those art galleries.,The man walk through those art galleries.,morphology,subject_verb_agreement,irregular_plural_subject_verb_agreement_2,True,False,True,False,769,-48.69336700439453,-49.461524963378906,1
The people haven't run around a mall.,The person haven't run around a mall.,morphology,subject_verb_agreement,irregular_plural_subject_verb_agreement_2,True,False,True,False,770,-45.454811096191406,-46.0201301574707,1
The man responds.,The men responds.,morphology,subject_verb_agreement,irregular_plural_subject_verb_agreement_2,True,False,True,False,771,-24.233642578125,-25.407161712646484,1
The men aren't reading.,The man aren't reading.,morphology,subject_verb_agreement,irregular_plural_subject_verb_agreement_2,True,False,True,False,772,-31.0758056640625,-32.194610595703125,1
The cactus stuns Kathleen.,The cacti stuns Kathleen.,morphology,subject_verb_agreement,irregular_plural_subject_verb_agreement_2,True,False,True,False,773,-52.397003173828125,-56.14887619018555,1
The men discover this legislature.,The man discover this legislature.,morphology,subject_verb_agreement,irregular_plural_subject_verb_agreement_2,True,False,True,False,774,-40.6501350402832,-40.70191955566406,1
The person exits all libraries.,The people exits all libraries.,morphology,subject_verb_agreement,irregular_plural_subject_verb_agreement_2,True,False,True,False,775,-38.17405319213867,-37.86400604248047,0
The analyses boast about Patrick.,The analysis boast about Patrick.,morphology,subject_verb_agreement,irregular_plural_subject_verb_agreement_2,True,False,True,False,776,-47.41891098022461,-45.82811737060547,0
The synthesis upsets Patrick.,The syntheses upsets Patrick.,morphology,subject_verb_agreement,irregular_plural_subject_verb_agreement_2,True,False,True,False,777,-49.09014129638672,-57.17759704589844,1
The alumni haven't read.,The alumnus haven't read.,morphology,subject_verb_agreement,irregular_plural_subject_verb_agreement_2,True,False,True,False,778,-31.93609619140625,-46.71406555175781,1
The woman slumps over.,The women slumps over.,morphology,subject_verb_agreement,irregular_plural_subject_verb_agreement_2,True,False,True,False,779,-40.209598541259766,-41.25740051269531,1
The woman isn't firing Charles.,The women isn't firing Charles.,morphology,subject_verb_agreement,irregular_plural_subject_verb_agreement_2,True,False,True,False,780,-47.24996566772461,-47.89239501953125,1
The teeth alarm Benjamin.,The tooth alarm Benjamin.,morphology,subject_verb_agreement,irregular_plural_subject_verb_agreement_2,True,False,True,False,781,-38.801719665527344,-38.71263885498047,0
The men yawn.,The man yawn.,morphology,subject_verb_agreement,irregular_plural_subject_verb_agreement_2,True,False,True,False,782,-28.302444458007812,-26.57726287841797,0
The person is singing.,The people is singing.,morphology,subject_verb_agreement,irregular_plural_subject_verb_agreement_2,True,False,True,False,783,-23.438552856445312,-25.58462142944336,1
The child tours malls.,The children tours malls.,morphology,subject_verb_agreement,irregular_plural_subject_verb_agreement_2,True,False,True,False,784,-36.010398864746094,-35.6500244140625,0
The woman has donated.,The women has donated.,morphology,subject_verb_agreement,irregular_plural_subject_verb_agreement_2,True,False,True,False,785,-27.856773376464844,-26.755939483642578,0
The oxen have scared Natalie.,The ox have scared Natalie.,morphology,subject_verb_agreement,irregular_plural_subject_verb_agreement_2,True,False,True,False,786,-53.18592071533203,-48.35999298095703,0
The geese haven't woken up.,The goose haven't woken up.,morphology,subject_verb_agreement,irregular_plural_subject_verb_agreement_2,True,False,True,False,787,-53.98314666748047,-48.219627380371094,0
The person eats.,The people eats.,morphology,subject_verb_agreement,irregular_plural_subject_verb_agreement_2,True,False,True,False,788,-21.05646514892578,-22.05217170715332,1
The synopses conceal Julia.,The synopsis conceal Julia.,morphology,subject_verb_agreement,irregular_plural_subject_verb_agreement_2,True,False,True,False,789,-52.84990692138672,-40.82431411743164,0
The people have researched every government.,The person have researched every government.,morphology,subject_verb_agreement,irregular_plural_subject_verb_agreement_2,True,False,True,False,790,-38.01902770996094,-41.603790283203125,1
The people reveal Galileo.,The person reveal Galileo.,morphology,subject_verb_agreement,irregular_plural_subject_verb_agreement_2,True,False,True,False,791,-35.11005783081055,-35.767303466796875,1
The foot hasn't looked like the drawing.,The feet hasn't looked like the drawing.,morphology,subject_verb_agreement,irregular_plural_subject_verb_agreement_2,True,False,True,False,792,-47.64329528808594,-47.596336364746094,0
The woman isn't scratching.,The women isn't scratching.,morphology,subject_verb_agreement,irregular_plural_subject_verb_agreement_2,True,False,True,False,793,-33.38630676269531,-33.58428192138672,1
The woman salutes.,The women salutes.,morphology,subject_verb_agreement,irregular_plural_subject_verb_agreement_2,True,False,True,False,794,-34.2406005859375,-34.60931396484375,1
The child notices Cynthia.,The children notices Cynthia.,morphology,subject_verb_agreement,irregular_plural_subject_verb_agreement_2,True,False,True,False,795,-41.96536636352539,-41.917999267578125,0
The children aren't getting a job.,The child aren't getting a job.,morphology,subject_verb_agreement,irregular_plural_subject_verb_agreement_2,True,False,True,False,796,-36.25104904174805,-36.76873016357422,1
The man reveals Renee.,The men reveals Renee.,morphology,subject_verb_agreement,irregular_plural_subject_verb_agreement_2,True,False,True,False,797,-37.73609924316406,-38.796592712402344,1
The cacti haven't impressed Tiffany.,The cactus haven't impressed Tiffany.,morphology,subject_verb_agreement,irregular_plural_subject_verb_agreement_2,True,False,True,False,798,-61.14616012573242,-57.19533920288086,0
The child has murmured.,The children has murmured.,morphology,subject_verb_agreement,irregular_plural_subject_verb_agreement_2,True,False,True,False,799,-33.75050354003906,-33.720619201660156,0
The child was healing Carol.,The children was healing Carol.,morphology,subject_verb_agreement,irregular_plural_subject_verb_agreement_2,True,False,True,False,800,-42.080718994140625,-42.1762580871582,1
The radius astounds Becca.,The radii astounds Becca.,morphology,subject_verb_agreement,irregular_plural_subject_verb_agreement_2,True,False,True,False,801,-55.13240432739258,-60.422821044921875,1
The men conceal Edward.,The man conceal Edward.,morphology,subject_verb_agreement,irregular_plural_subject_verb_agreement_2,True,False,True,False,802,-37.82823181152344,-37.287227630615234,0
The women resemble all sketches.,The woman resemble all sketches.,morphology,subject_verb_agreement,irregular_plural_subject_verb_agreement_2,True,False,True,False,803,-39.818443298339844,-40.77538299560547,1
The oxen descend those mountains.,The ox descend those mountains.,morphology,subject_verb_agreement,irregular_plural_subject_verb_agreement_2,True,False,True,False,804,-53.13862609863281,-45.14055252075195,0
The man nods.,The men nods.,morphology,subject_verb_agreement,irregular_plural_subject_verb_agreement_2,True,False,True,False,805,-25.10085678100586,-25.644954681396484,1
The man isn't biking to every river.,The men isn't biking to every river.,morphology,subject_verb_agreement,irregular_plural_subject_verb_agreement_2,True,False,True,False,806,-55.837608337402344,-55.86820983886719,1
The people dislike that cafe.,The person dislike that cafe.,morphology,subject_verb_agreement,irregular_plural_subject_verb_agreement_2,True,False,True,False,807,-38.74543380737305,-38.81535339355469,1
The theses aren't boasting.,The thesis aren't boasting.,morphology,subject_verb_agreement,irregular_plural_subject_verb_agreement_2,True,False,True,False,808,-43.538818359375,-39.26166534423828,0
The child has cured Roger.,The children has cured Roger.,morphology,subject_verb_agreement,irregular_plural_subject_verb_agreement_2,True,False,True,False,809,-39.92111587524414,-40.58820343017578,1
The child has concealed this spotlight.,The children has concealed this spotlight.,morphology,subject_verb_agreement,irregular_plural_subject_verb_agreement_2,True,False,True,False,810,-46.009918212890625,-47.478515625,1
The woman forgets Amanda.,The women forgets Amanda.,morphology,subject_verb_agreement,irregular_plural_subject_verb_agreement_2,True,False,True,False,811,-41.91389846801758,-42.460052490234375,1
The man references Suzanne.,The men references Suzanne.,morphology,subject_verb_agreement,irregular_plural_subject_verb_agreement_2,True,False,True,False,812,-39.571922302246094,-40.64402770996094,1
The women pass many public parks.,The woman pass many public parks.,morphology,subject_verb_agreement,irregular_plural_subject_verb_agreement_2,True,False,True,False,813,-45.82337951660156,-46.765716552734375,1
The alumnus was arriving at this cafe.,The alumni was arriving at this cafe.,morphology,subject_verb_agreement,irregular_plural_subject_verb_agreement_2,True,False,True,False,814,-56.48381805419922,-44.23421859741211,0
The alumni weren't descending all hills.,The alumnus weren't descending all hills.,morphology,subject_verb_agreement,irregular_plural_subject_verb_agreement_2,True,False,True,False,815,-55.59003448486328,-67.45246887207031,1
The people protest.,The person protest.,morphology,subject_verb_agreement,irregular_plural_subject_verb_agreement_2,True,False,True,False,816,-22.534408569335938,-22.835893630981445,1
The child paints.,The children paints.,morphology,subject_verb_agreement,irregular_plural_subject_verb_agreement_2,True,False,True,False,817,-24.644977569580078,-24.288265228271484,0
The people look like some sketches.,The person look like some sketches.,morphology,subject_verb_agreement,irregular_plural_subject_verb_agreement_2,True,False,True,False,818,-35.63969039916992,-37.76477813720703,1
The teeth crack.,The tooth crack.,morphology,subject_verb_agreement,irregular_plural_subject_verb_agreement_2,True,False,True,False,819,-23.077035903930664,-22.88801383972168,0
The man jokes around.,The men jokes around.,morphology,subject_verb_agreement,irregular_plural_subject_verb_agreement_2,True,False,True,False,820,-33.64008331298828,-34.454017639160156,1
The man has saluted.,The men has saluted.,morphology,subject_verb_agreement,irregular_plural_subject_verb_agreement_2,True,False,True,False,821,-40.64393615722656,-40.60346603393555,0
The child researches every commentary.,The children researches every commentary.,morphology,subject_verb_agreement,irregular_plural_subject_verb_agreement_2,True,False,True,False,822,-49.23170471191406,-48.544029235839844,0
The man wasn't researching some prints.,The men wasn't researching some prints.,morphology,subject_verb_agreement,irregular_plural_subject_verb_agreement_2,True,False,True,False,823,-50.05012893676758,-49.67476272583008,0
The men hate Raymond.,The man hate Raymond.,morphology,subject_verb_agreement,irregular_plural_subject_verb_agreement_2,True,False,True,False,824,-34.77592849731445,-35.51508712768555,1
The child cleans hamsters.,The children cleans hamsters.,morphology,subject_verb_agreement,irregular_plural_subject_verb_agreement_2,True,False,True,False,825,-45.04002380371094,-44.288856506347656,0
The feet chip.,The foot chip.,morphology,subject_verb_agreement,irregular_plural_subject_verb_agreement_2,True,False,True,False,826,-23.187744140625,-21.362701416015625,0
The man weeps.,The men weeps.,morphology,subject_verb_agreement,irregular_plural_subject_verb_agreement_2,True,False,True,False,827,-28.879497528076172,-29.046855926513672,1
The woman praises Catherine.,The women praises Catherine.,morphology,subject_verb_agreement,irregular_plural_subject_verb_agreement_2,True,False,True,False,828,-37.338653564453125,-38.701568603515625,1
The louse has aggravated Julia.,The lice has aggravated Julia.,morphology,subject_verb_agreement,irregular_plural_subject_verb_agreement_2,True,False,True,False,829,-50.42461395263672,-47.51115417480469,0
The children complain.,The child complain.,morphology,subject_verb_agreement,irregular_plural_subject_verb_agreement_2,True,False,True,False,830,-24.573078155517578,-25.34803581237793,1
The hypothesis impresses Jane.,The hypotheses impresses Jane.,morphology,subject_verb_agreement,irregular_plural_subject_verb_agreement_2,True,False,True,False,831,-46.39794921875,-46.48609924316406,1
The women have fallen.,The woman have fallen.,morphology,subject_verb_agreement,irregular_plural_subject_verb_agreement_2,True,False,True,False,832,-24.991382598876953,-27.636085510253906,1
The thesis disagrees with Karen.,The theses disagrees with Karen.,morphology,subject_verb_agreement,irregular_plural_subject_verb_agreement_2,True,False,True,False,833,-45.479087829589844,-53.414634704589844,1
The parenthesis wasn't flinging open.,The parentheses wasn't flinging open.,morphology,subject_verb_agreement,irregular_plural_subject_verb_agreement_2,True,False,True,False,834,-67.05783081054688,-56.99795913696289,0
The men marry.,The man marry.,morphology,subject_verb_agreement,irregular_plural_subject_verb_agreement_2,True,False,True,False,835,-26.007587432861328,-25.796049118041992,0
The women have escaped from Craig.,The woman have escaped from Craig.,morphology,subject_verb_agreement,irregular_plural_subject_verb_agreement_2,True,False,True,False,836,-41.804813385009766,-45.29277801513672,1
The axes disgust Jodi.,The axis disgust Jodi.,morphology,subject_verb_agreement,irregular_plural_subject_verb_agreement_2,True,False,True,False,837,-50.46099090576172,-48.093658447265625,0
The stimulus is alarming Maria.,The stimuli is alarming Maria.,morphology,subject_verb_agreement,irregular_plural_subject_verb_agreement_2,True,False,True,False,838,-42.036033630371094,-43.90743637084961,1
The child tours high schools.,The children tours high schools.,morphology,subject_verb_agreement,irregular_plural_subject_verb_agreement_2,True,False,True,False,839,-34.63054656982422,-33.88818359375,0
The women aren't crying.,The woman aren't crying.,morphology,subject_verb_agreement,irregular_plural_subject_verb_agreement_2,True,False,True,False,840,-31.45775604248047,-32.629364013671875,1
The men haven't attacked Mitchell.,The man haven't attacked Mitchell.,morphology,subject_verb_agreement,irregular_plural_subject_verb_agreement_2,True,False,True,False,841,-46.10976028442383,-46.93300247192383,1
The men haven't spoken up.,The man haven't spoken up.,morphology,subject_verb_agreement,irregular_plural_subject_verb_agreement_2,True,False,True,False,842,-37.19844055175781,-38.56964111328125,1
The people aren't running around some hospital.,The person aren't running around some hospital.,morphology,subject_verb_agreement,irregular_plural_subject_verb_agreement_2,True,False,True,False,843,-45.586341857910156,-47.18337631225586,1
The person hasn't bought some cars.,The people hasn't bought some cars.,morphology,subject_verb_agreement,irregular_plural_subject_verb_agreement_2,True,False,True,False,844,-42.129207611083984,-42.39019775390625,1
The men respect Martin.,The man respect Martin.,morphology,subject_verb_agreement,irregular_plural_subject_verb_agreement_2,True,False,True,False,845,-36.431514739990234,-36.03009033203125,0
The child goes to some museums.,The children goes to some museums.,morphology,subject_verb_agreement,irregular_plural_subject_verb_agreement_2,True,False,True,False,846,-38.15620422363281,-37.8726921081543,0
The women have disagreed.,The woman have disagreed.,morphology,subject_verb_agreement,irregular_plural_subject_verb_agreement_2,True,False,True,False,847,-30.835163116455078,-33.53620529174805,1
The oases alarm Amanda.,The oasis alarm Amanda.,morphology,subject_verb_agreement,irregular_plural_subject_verb_agreement_2,True,False,True,False,848,-48.53070831298828,-46.195350646972656,0
The lice have climbed down some hills.,The louse have climbed down some hills.,morphology,subject_verb_agreement,irregular_plural_subject_verb_agreement_2,True,False,True,False,849,-53.77891159057617,-55.135684967041016,1
The alumni whisper.,The alumnus whisper.,morphology,subject_verb_agreement,irregular_plural_subject_verb_agreement_2,True,False,True,False,850,-28.292884826660156,-39.53703308105469,1
The person has messed up the hospital.,The people has messed up the hospital.,morphology,subject_verb_agreement,irregular_plural_subject_verb_agreement_2,True,False,True,False,851,-36.06618118286133,-38.36750030517578,1
The woman isn't admiring a pie.,The women isn't admiring a pie.,morphology,subject_verb_agreement,irregular_plural_subject_verb_agreement_2,True,False,True,False,852,-50.2287483215332,-51.34291076660156,1
The people sell the mall.,The person sell the mall.,morphology,subject_verb_agreement,irregular_plural_subject_verb_agreement_2,True,False,True,False,853,-31.402854919433594,-31.831993103027344,1
The people talk to Meredith.,The person talk to Meredith.,morphology,subject_verb_agreement,irregular_plural_subject_verb_agreement_2,True,False,True,False,854,-34.98133087158203,-36.3729362487793,1
The man is wearing pants.,The men is wearing pants.,morphology,subject_verb_agreement,irregular_plural_subject_verb_agreement_2,True,False,True,False,855,-35.443580627441406,-35.40937042236328,0
The feet were shattering.,The foot were shattering.,morphology,subject_verb_agreement,irregular_plural_subject_verb_agreement_2,True,False,True,False,856,-32.15375518798828,-33.649295806884766,1
The alumni are whispering.,The alumnus are whispering.,morphology,subject_verb_agreement,irregular_plural_subject_verb_agreement_2,True,False,True,False,857,-30.30670166015625,-42.42763900756836,1
The woman hasn't disliked the Impressionists.,The women hasn't disliked the Impressionists.,morphology,subject_verb_agreement,irregular_plural_subject_verb_agreement_2,True,False,True,False,858,-66.46650695800781,-67.12922668457031,1
The children wake up.,The child wake up.,morphology,subject_verb_agreement,irregular_plural_subject_verb_agreement_2,True,False,True,False,859,-25.93708038330078,-26.934547424316406,1
The women haven't dropped by that school.,The woman haven't dropped by that school.,morphology,subject_verb_agreement,irregular_plural_subject_verb_agreement_2,True,False,True,False,860,-51.82020568847656,-50.97666931152344,0
The alumnus testifies.,The alumni testifies.,morphology,subject_verb_agreement,irregular_plural_subject_verb_agreement_2,True,False,True,False,861,-48.10552215576172,-38.20185852050781,0
The man has washed.,The men has washed.,morphology,subject_verb_agreement,irregular_plural_subject_verb_agreement_2,True,False,True,False,862,-28.263141632080078,-28.52397918701172,1
The feet tip over.,The foot tip over.,morphology,subject_verb_agreement,irregular_plural_subject_verb_agreement_2,True,False,True,False,863,-30.543638229370117,-28.943613052368164,0
The teeth weren't disappearing.,The tooth weren't disappearing.,morphology,subject_verb_agreement,irregular_plural_subject_verb_agreement_2,True,False,True,False,864,-38.198699951171875,-39.94733810424805,1
The woman admires most cars.,The women admires most cars.,morphology,subject_verb_agreement,irregular_plural_subject_verb_agreement_2,True,False,True,False,865,-50.417572021484375,-49.17948913574219,0
The louse worries Kevin.,The lice worries Kevin.,morphology,subject_verb_agreement,irregular_plural_subject_verb_agreement_2,True,False,True,False,866,-46.24828338623047,-43.54621505737305,0
The alumni are listening to Angela.,The alumnus are listening to Angela.,morphology,subject_verb_agreement,irregular_plural_subject_verb_agreement_2,True,False,True,False,867,-39.5120735168457,-54.81446075439453,1
The tooth was falling apart.,The teeth was falling apart.,morphology,subject_verb_agreement,irregular_plural_subject_verb_agreement_2,True,False,True,False,868,-35.15040588378906,-34.23553466796875,0
The person has run around the high school.,The people has run around the high school.,morphology,subject_verb_agreement,irregular_plural_subject_verb_agreement_2,True,False,True,False,869,-40.217010498046875,-41.71251678466797,1
The men tour this school.,The man tour this school.,morphology,subject_verb_agreement,irregular_plural_subject_verb_agreement_2,True,False,True,False,870,-36.939388275146484,-37.19178009033203,1
The alumni weren't returning to Matt.,The alumnus weren't returning to Matt.,morphology,subject_verb_agreement,irregular_plural_subject_verb_agreement_2,True,False,True,False,871,-50.67026138305664,-63.044403076171875,1
The diagnoses disgust Mark.,The diagnosis disgust Mark.,morphology,subject_verb_agreement,irregular_plural_subject_verb_agreement_2,True,False,True,False,872,-43.50965881347656,-41.95543670654297,0
The child is telephoning.,The children is telephoning.,morphology,subject_verb_agreement,irregular_plural_subject_verb_agreement_2,True,False,True,False,873,-42.25386047363281,-42.637752532958984,1
The child isn't hiding.,The children isn't hiding.,morphology,subject_verb_agreement,irregular_plural_subject_verb_agreement_2,True,False,True,False,874,-31.942649841308594,-33.09737777709961,1
The mice aggravate some waiter.,The mouse aggravate some waiter.,morphology,subject_verb_agreement,irregular_plural_subject_verb_agreement_2,True,False,True,False,875,-49.93244171142578,-47.539573669433594,0
The alumni weren't washing.,The alumnus weren't washing.,morphology,subject_verb_agreement,irregular_plural_subject_verb_agreement_2,True,False,True,False,876,-40.795867919921875,-52.81068801879883,1
The thesis disgusts some senator.,The theses disgusts some senator.,morphology,subject_verb_agreement,irregular_plural_subject_verb_agreement_2,True,False,True,False,877,-55.579978942871094,-64.09640502929688,1
The person was arguing.,The people was arguing.,morphology,subject_verb_agreement,irregular_plural_subject_verb_agreement_2,True,False,True,False,878,-26.25339126586914,-27.98345184326172,1
The woman wasn't boycotting that art gallery.,The women wasn't boycotting that art gallery.,morphology,subject_verb_agreement,irregular_plural_subject_verb_agreement_2,True,False,True,False,879,-66.36466979980469,-67.2115707397461,1
The women aren't descending the steps.,The woman aren't descending the steps.,morphology,subject_verb_agreement,irregular_plural_subject_verb_agreement_2,True,False,True,False,880,-45.20405578613281,-47.19463348388672,1
The men train.,The man train.,morphology,subject_verb_agreement,irregular_plural_subject_verb_agreement_2,True,False,True,False,881,-23.8621826171875,-24.234378814697266,1
The children interact.,The child interact.,morphology,subject_verb_agreement,irregular_plural_subject_verb_agreement_2,True,False,True,False,882,-23.38528060913086,-24.44828987121582,1
The people appreciate Thomas.,The person appreciate Thomas.,morphology,subject_verb_agreement,irregular_plural_subject_verb_agreement_2,True,False,True,False,883,-32.587730407714844,-34.81649398803711,1
The child breaks many carts.,The children breaks many carts.,morphology,subject_verb_agreement,irregular_plural_subject_verb_agreement_2,True,False,True,False,884,-43.47306823730469,-43.23279571533203,0
The person isn't speaking up.,The people isn't speaking up.,morphology,subject_verb_agreement,irregular_plural_subject_verb_agreement_2,True,False,True,False,885,-31.453685760498047,-33.953521728515625,1
The men have approved.,The man have approved.,morphology,subject_verb_agreement,irregular_plural_subject_verb_agreement_2,True,False,True,False,886,-27.27499008178711,-30.12714958190918,1
The people joke around.,The person joke around.,morphology,subject_verb_agreement,irregular_plural_subject_verb_agreement_2,True,False,True,False,887,-31.840011596679688,-32.497528076171875,1
The child dies.,The children dies.,morphology,subject_verb_agreement,irregular_plural_subject_verb_agreement_2,True,False,True,False,888,-22.359642028808594,-22.38620376586914,1
The feet fall apart.,The foot fall apart.,morphology,subject_verb_agreement,irregular_plural_subject_verb_agreement_2,True,False,True,False,889,-28.90380859375,-28.615997314453125,0
The child hasn't concealed these women.,The children hasn't concealed these women.,morphology,subject_verb_agreement,irregular_plural_subject_verb_agreement_2,True,False,True,False,890,-50.698333740234375,-51.581119537353516,1
The children aren't boycotting a restaurant.,The child aren't boycotting a restaurant.,morphology,subject_verb_agreement,irregular_plural_subject_verb_agreement_2,True,False,True,False,891,-51.51114273071289,-52.1854248046875,1
The men haven't reunited.,The man haven't reunited.,morphology,subject_verb_agreement,irregular_plural_subject_verb_agreement_2,True,False,True,False,892,-36.1330680847168,-37.01186752319336,1
The man is dropping by a school.,The men is dropping by a school.,morphology,subject_verb_agreement,irregular_plural_subject_verb_agreement_2,True,False,True,False,893,-40.43379592895508,-39.95145797729492,0
The child hasn't scanned some essay.,The children hasn't scanned some essay.,morphology,subject_verb_agreement,irregular_plural_subject_verb_agreement_2,True,False,True,False,894,-52.71686553955078,-53.448646545410156,1
The women haven't stood up.,The woman haven't stood up.,morphology,subject_verb_agreement,irregular_plural_subject_verb_agreement_2,True,False,True,False,895,-37.93403625488281,-36.740089416503906,0
The woman hasn't cooked.,The women hasn't cooked.,morphology,subject_verb_agreement,irregular_plural_subject_verb_agreement_2,True,False,True,False,896,-34.881919860839844,-35.08298110961914,1
The child appreciates Melissa.,The children appreciates Melissa.,morphology,subject_verb_agreement,irregular_plural_subject_verb_agreement_2,True,False,True,False,897,-41.79142761230469,-41.12805938720703,0
The alumnus screams.,The alumni screams.,morphology,subject_verb_agreement,irregular_plural_subject_verb_agreement_2,True,False,True,False,898,-39.673728942871094,-28.69863510131836,0
The alumni forget the Lutherans.,The alumnus forget the Lutherans.,morphology,subject_verb_agreement,irregular_plural_subject_verb_agreement_2,True,False,True,False,899,-48.720252990722656,-61.364646911621094,1
The feet aren't cracking.,The foot aren't cracking.,morphology,subject_verb_agreement,irregular_plural_subject_verb_agreement_2,True,False,True,False,900,-37.19267654418945,-37.55398941040039,1
The women boycott many closets.,The woman boycott many closets.,morphology,subject_verb_agreement,irregular_plural_subject_verb_agreement_2,True,False,True,False,901,-48.54838562011719,-48.302799224853516,0
The alumni investigate Elizabeth.,The alumnus investigate Elizabeth.,morphology,subject_verb_agreement,irregular_plural_subject_verb_agreement_2,True,False,True,False,902,-39.43952941894531,-51.46852493286133,1
The thesis has disagreed.,The theses has disagreed.,morphology,subject_verb_agreement,irregular_plural_subject_verb_agreement_2,True,False,True,False,903,-32.66095733642578,-38.17359924316406,1
The alumnus coughs.,The alumni coughs.,morphology,subject_verb_agreement,irregular_plural_subject_verb_agreement_2,True,False,True,False,904,-41.668426513671875,-31.445331573486328,0
The synopses were explaining everything.,The synopsis were explaining everything.,morphology,subject_verb_agreement,irregular_plural_subject_verb_agreement_2,True,False,True,False,905,-50.145103454589844,-36.782161712646484,0
The tooth worries that customer.,The teeth worries that customer.,morphology,subject_verb_agreement,irregular_plural_subject_verb_agreement_2,True,False,True,False,906,-38.26795196533203,-38.72406768798828,1
The people scream.,The person scream.,morphology,subject_verb_agreement,irregular_plural_subject_verb_agreement_2,True,False,True,False,907,-22.829954147338867,-22.39728546142578,0
The child sees some cashier.,The children sees some cashier.,morphology,subject_verb_agreement,irregular_plural_subject_verb_agreement_2,True,False,True,False,908,-44.86674880981445,-44.34685516357422,0
The alumni were corresponding.,The alumnus were corresponding.,morphology,subject_verb_agreement,irregular_plural_subject_verb_agreement_2,True,False,True,False,909,-29.706958770751953,-43.003814697265625,1
The children haven't messed up the grocery stores.,The child haven't messed up the grocery stores.,morphology,subject_verb_agreement,irregular_plural_subject_verb_agreement_2,True,False,True,False,910,-55.54085922241211,-55.629173278808594,1
The oxen look like that picture.,The ox look like that picture.,morphology,subject_verb_agreement,irregular_plural_subject_verb_agreement_2,True,False,True,False,911,-50.50108337402344,-43.073326110839844,0
The women return to Steve.,The woman return to Steve.,morphology,subject_verb_agreement,irregular_plural_subject_verb_agreement_2,True,False,True,False,912,-37.34978485107422,-37.776363372802734,1
The men clean that library.,The man clean that library.,morphology,subject_verb_agreement,irregular_plural_subject_verb_agreement_2,True,False,True,False,913,-40.46807861328125,-40.89870834350586,1
The parentheses haven't irritated Grace.,The parenthesis haven't irritated Grace.,morphology,subject_verb_agreement,irregular_plural_subject_verb_agreement_2,True,False,True,False,914,-54.267608642578125,-64.59910583496094,1
The men cure Kristen.,The man cure Kristen.,morphology,subject_verb_agreement,irregular_plural_subject_verb_agreement_2,True,False,True,False,915,-39.901512145996094,-39.26673126220703,0
The woman was working with Naomi.,The women was working with Naomi.,morphology,subject_verb_agreement,irregular_plural_subject_verb_agreement_2,True,False,True,False,916,-36.41617965698242,-37.68904495239258,1
The goose exists.,The geese exists.,morphology,subject_verb_agreement,irregular_plural_subject_verb_agreement_2,True,False,True,False,917,-25.37091827392578,-30.590545654296875,1
The man isn't curing Danielle.,The men isn't curing Danielle.,morphology,subject_verb_agreement,irregular_plural_subject_verb_agreement_2,True,False,True,False,918,-47.69096374511719,-48.58921813964844,1
The axes aren't upsetting those companies.,The axis aren't upsetting those companies.,morphology,subject_verb_agreement,irregular_plural_subject_verb_agreement_2,True,False,True,False,919,-51.463985443115234,-47.47036361694336,0
The woman drives to rivers.,The women drives to rivers.,morphology,subject_verb_agreement,irregular_plural_subject_verb_agreement_2,True,False,True,False,920,-40.25428771972656,-39.19318389892578,0
The women were embracing.,The woman were embracing.,morphology,subject_verb_agreement,irregular_plural_subject_verb_agreement_2,True,False,True,False,921,-28.122943878173828,-30.462284088134766,1
The man copes.,The men copes.,morphology,subject_verb_agreement,irregular_plural_subject_verb_agreement_2,True,False,True,False,922,-27.793102264404297,-30.151126861572266,1
The person is skated around some closet.,The people is skated around some closet.,morphology,subject_verb_agreement,irregular_plural_subject_verb_agreement_2,True,False,True,False,923,-55.59581756591797,-57.33513641357422,1
The alumni examine the documentaries.,The alumnus examine the documentaries.,morphology,subject_verb_agreement,irregular_plural_subject_verb_agreement_2,True,False,True,False,924,-39.517059326171875,-52.14506149291992,1
The alumni haven't struggled.,The alumnus haven't struggled.,morphology,subject_verb_agreement,irregular_plural_subject_verb_agreement_2,True,False,True,False,925,-35.10399627685547,-50.18690872192383,1
The child is screaming.,The children is screaming.,morphology,subject_verb_agreement,irregular_plural_subject_verb_agreement_2,True,False,True,False,926,-26.826637268066406,-27.527616500854492,1
The alumni are debating.,The alumnus are debating.,morphology,subject_verb_agreement,irregular_plural_subject_verb_agreement_2,True,False,True,False,927,-28.659446716308594,-41.4798698425293,1
The tooth hasn't tipped over.,The teeth hasn't tipped over.,morphology,subject_verb_agreement,irregular_plural_subject_verb_agreement_2,True,False,True,False,928,-42.751808166503906,-43.327842712402344,1
The alumni are marrying.,The alumnus are marrying.,morphology,subject_verb_agreement,irregular_plural_subject_verb_agreement_2,True,False,True,False,929,-30.563095092773438,-43.75320816040039,1
The children question Lori.,The child question Lori.,morphology,subject_verb_agreement,irregular_plural_subject_verb_agreement_2,True,False,True,False,930,-35.82172775268555,-35.712039947509766,0
The person heals Kirsten.,The people heals Kirsten.,morphology,subject_verb_agreement,irregular_plural_subject_verb_agreement_2,True,False,True,False,931,-42.20582580566406,-43.62295150756836,1
The alumnus complains.,The alumni complains.,morphology,subject_verb_agreement,irregular_plural_subject_verb_agreement_2,True,False,True,False,932,-37.96799087524414,-27.905658721923828,0
The men weren't fixing this cart.,The man weren't fixing this cart.,morphology,subject_verb_agreement,irregular_plural_subject_verb_agreement_2,True,False,True,False,933,-52.57435607910156,-53.03209686279297,1
The women explore the Great Lakes.,The woman explore the Great Lakes.,morphology,subject_verb_agreement,irregular_plural_subject_verb_agreement_2,True,False,True,False,934,-39.08375549316406,-41.53565979003906,1
The person respects Todd.,The people respects Todd.,morphology,subject_verb_agreement,irregular_plural_subject_verb_agreement_2,True,False,True,False,935,-36.712738037109375,-36.05047607421875,0
The crises have shocked Jeffrey.,The crisis have shocked Jeffrey.,morphology,subject_verb_agreement,irregular_plural_subject_verb_agreement_2,True,False,True,False,936,-48.04197692871094,-46.88616943359375,0
The children sell some river.,The child sell some river.,morphology,subject_verb_agreement,irregular_plural_subject_verb_agreement_2,True,False,True,False,937,-38.715431213378906,-39.186614990234375,1
The people climb down a mountain.,The person climb down a mountain.,morphology,subject_verb_agreement,irregular_plural_subject_verb_agreement_2,True,False,True,False,938,-37.234947204589844,-37.81154251098633,1
The children aren't appreciating Alice.,The child aren't appreciating Alice.,morphology,subject_verb_agreement,irregular_plural_subject_verb_agreement_2,True,False,True,False,939,-47.89503479003906,-49.06636047363281,1
The louse has climbed down that slope.,The lice has climbed down that slope.,morphology,subject_verb_agreement,irregular_plural_subject_verb_agreement_2,True,False,True,False,940,-58.233577728271484,-55.357879638671875,0
The person yells.,The people yells.,morphology,subject_verb_agreement,irregular_plural_subject_verb_agreement_2,True,False,True,False,941,-25.321491241455078,-26.54934310913086,1
The man wasn't watching Keith.,The men wasn't watching Keith.,morphology,subject_verb_agreement,irregular_plural_subject_verb_agreement_2,True,False,True,False,942,-44.5390739440918,-44.666255950927734,1
The alumni discover that hamster.,The alumnus discover that hamster.,morphology,subject_verb_agreement,irregular_plural_subject_verb_agreement_2,True,False,True,False,943,-47.38432693481445,-56.28507614135742,1
The woman hasn't cared for Valerie.,The women hasn't cared for Valerie.,morphology,subject_verb_agreement,irregular_plural_subject_verb_agreement_2,True,False,True,False,944,-47.5810546875,-47.644100189208984,1
The children are boring Omar.,The child are boring Omar.,morphology,subject_verb_agreement,irregular_plural_subject_verb_agreement_2,True,False,True,False,945,-40.06993865966797,-41.63578796386719,1
The woman wasn't visiting Sara.,The women wasn't visiting Sara.,morphology,subject_verb_agreement,irregular_plural_subject_verb_agreement_2,True,False,True,False,946,-45.230506896972656,-46.47681427001953,1
The alumni haven't flirted.,The alumnus haven't flirted.,morphology,subject_verb_agreement,irregular_plural_subject_verb_agreement_2,True,False,True,False,947,-46.698463439941406,-59.22791290283203,1
The woman hasn't escaped from Jesus.,The women hasn't escaped from Jesus.,morphology,subject_verb_agreement,irregular_plural_subject_verb_agreement_2,True,False,True,False,948,-46.06407928466797,-46.819847106933594,1
The children haven't sighed.,The child haven't sighed.,morphology,subject_verb_agreement,irregular_plural_subject_verb_agreement_2,True,False,True,False,949,-37.21922302246094,-37.01219177246094,0
The person has annoyed an association.,The people has annoyed an association.,morphology,subject_verb_agreement,irregular_plural_subject_verb_agreement_2,True,False,True,False,950,-42.52101135253906,-44.73117446899414,1
The people were disagreeing with Marla.,The person were disagreeing with Marla.,morphology,subject_verb_agreement,irregular_plural_subject_verb_agreement_2,True,False,True,False,951,-55.346839904785156,-56.83446502685547,1
The man smiles.,The men smiles.,morphology,subject_verb_agreement,irregular_plural_subject_verb_agreement_2,True,False,True,False,952,-23.394994735717773,-23.567367553710938,1
The children conceal water.,The child conceal water.,morphology,subject_verb_agreement,irregular_plural_subject_verb_agreement_2,True,False,True,False,953,-32.98088073730469,-33.85332489013672,1
The women fix most unicycles.,The woman fix most unicycles.,morphology,subject_verb_agreement,irregular_plural_subject_verb_agreement_2,True,False,True,False,954,-58.075565338134766,-58.88408279418945,1
The people shrug.,The person shrug.,morphology,subject_verb_agreement,irregular_plural_subject_verb_agreement_2,True,False,True,False,955,-24.848182678222656,-24.89468002319336,1
The alumni question Bradley.,The alumnus question Bradley.,morphology,subject_verb_agreement,irregular_plural_subject_verb_agreement_2,True,False,True,False,956,-39.54298400878906,-51.04914855957031,1
The child conceals some door.,The children conceals some door.,morphology,subject_verb_agreement,irregular_plural_subject_verb_agreement_2,True,False,True,False,957,-50.75829315185547,-50.64337158203125,0
The alumnus breaks a glass.,The alumni breaks a glass.,morphology,subject_verb_agreement,irregular_plural_subject_verb_agreement_2,True,False,True,False,958,-49.048126220703125,-36.12356185913086,0
The tooth chips.,The teeth chips.,morphology,subject_verb_agreement,irregular_plural_subject_verb_agreement_2,True,False,True,False,959,-22.50849151611328,-21.95572280883789,0
The alumnus drives to restaurants.,The alumni drives to restaurants.,morphology,subject_verb_agreement,irregular_plural_subject_verb_agreement_2,True,False,True,False,960,-49.03813934326172,-38.310340881347656,0
The woman has broken some dish.,The women has broken some dish.,morphology,subject_verb_agreement,irregular_plural_subject_verb_agreement_2,True,False,True,False,961,-41.79428482055664,-42.20064926147461,1
The child hasn't died.,The children hasn't died.,morphology,subject_verb_agreement,irregular_plural_subject_verb_agreement_2,True,False,True,False,962,-33.515594482421875,-34.35380554199219,1
The men haven't ascended a lot of steps.,The man haven't ascended a lot of steps.,morphology,subject_verb_agreement,irregular_plural_subject_verb_agreement_2,True,False,True,False,963,-54.69475555419922,-56.03926086425781,1
The people were insulting every actor.,The person were insulting every actor.,morphology,subject_verb_agreement,irregular_plural_subject_verb_agreement_2,True,False,True,False,964,-41.449302673339844,-44.34632873535156,1
The woman sells a lake.,The women sells a lake.,morphology,subject_verb_agreement,irregular_plural_subject_verb_agreement_2,True,False,True,False,965,-35.41487503051758,-35.77458953857422,1
The man is grinning.,The men is grinning.,morphology,subject_verb_agreement,irregular_plural_subject_verb_agreement_2,True,False,True,False,966,-29.02288055419922,-29.22262954711914,1
The person wasn't forfeiting.,The people wasn't forfeiting.,morphology,subject_verb_agreement,irregular_plural_subject_verb_agreement_2,True,False,True,False,967,-38.9686279296875,-39.82177734375,1
The synopsis has insulted Eric.,The synopses has insulted Eric.,morphology,subject_verb_agreement,irregular_plural_subject_verb_agreement_2,True,False,True,False,968,-47.38786315917969,-60.86299133300781,1
The man isn't insulting Amanda.,The men isn't insulting Amanda.,morphology,subject_verb_agreement,irregular_plural_subject_verb_agreement_2,True,False,True,False,969,-45.09779357910156,-46.31613540649414,1
The woman has disliked Sabrina.,The women has disliked Sabrina.,morphology,subject_verb_agreement,irregular_plural_subject_verb_agreement_2,True,False,True,False,970,-54.11964416503906,-54.159175872802734,1
The men sound like some cafe.,The man sound like some cafe.,morphology,subject_verb_agreement,irregular_plural_subject_verb_agreement_2,True,False,True,False,971,-41.992652893066406,-42.24055480957031,1
The analyses confuse Phillip.,The analysis confuse Phillip.,morphology,subject_verb_agreement,irregular_plural_subject_verb_agreement_2,True,False,True,False,972,-40.03254699707031,-40.0909538269043,1
The man remembers the Great Lakes.,The men remembers the Great Lakes.,morphology,subject_verb_agreement,irregular_plural_subject_verb_agreement_2,True,False,True,False,973,-40.088741302490234,-40.29648971557617,1
The men like chicken.,The man like chicken.,morphology,subject_verb_agreement,irregular_plural_subject_verb_agreement_2,True,False,True,False,974,-28.604888916015625,-29.028030395507812,1
The man struggles.,The men struggles.,morphology,subject_verb_agreement,irregular_plural_subject_verb_agreement_2,True,False,True,False,975,-23.889188766479492,-23.732398986816406,0
The analyses disagree.,The analysis disagree.,morphology,subject_verb_agreement,irregular_plural_subject_verb_agreement_2,True,False,True,False,976,-26.966903686523438,-27.07525634765625,1
The woman donates.,The women donates.,morphology,subject_verb_agreement,irregular_plural_subject_verb_agreement_2,True,False,True,False,977,-29.481931686401367,-28.16206932067871,0
The children sit down.,The child sit down.,morphology,subject_verb_agreement,irregular_plural_subject_verb_agreement_2,True,False,True,False,978,-24.314992904663086,-25.550983428955078,1
The women arrive at the closet.,The woman arrive at the closet.,morphology,subject_verb_agreement,irregular_plural_subject_verb_agreement_2,True,False,True,False,979,-34.78691864013672,-36.62006759643555,1
The alumni were debating.,The alumnus were debating.,morphology,subject_verb_agreement,irregular_plural_subject_verb_agreement_2,True,False,True,False,980,-29.51719856262207,-41.411285400390625,1
The paralyses bore Patrick.,The paralysis bore Patrick.,morphology,subject_verb_agreement,irregular_plural_subject_verb_agreement_2,True,False,True,False,981,-51.05903625488281,-40.00265121459961,0
The alumni are stretching.,The alumnus are stretching.,morphology,subject_verb_agreement,irregular_plural_subject_verb_agreement_2,True,False,True,False,982,-28.465347290039062,-40.816650390625,1
The person was walking through lakes.,The people was walking through lakes.,morphology,subject_verb_agreement,irregular_plural_subject_verb_agreement_2,True,False,True,False,983,-37.27567672729492,-38.579490661621094,1
The alumnus eats.,The alumni eats.,morphology,subject_verb_agreement,irregular_plural_subject_verb_agreement_2,True,False,True,False,984,-36.779579162597656,-25.773883819580078,0
The man helps a lot of people.,The men helps a lot of people.,morphology,subject_verb_agreement,irregular_plural_subject_verb_agreement_2,True,False,True,False,985,-37.347747802734375,-36.275238037109375,0
The child references Jacqueline.,The children references Jacqueline.,morphology,subject_verb_agreement,irregular_plural_subject_verb_agreement_2,True,False,True,False,986,-46.67107391357422,-45.35165786743164,0
The man isn't curing Carla.,The men isn't curing Carla.,morphology,subject_verb_agreement,irregular_plural_subject_verb_agreement_2,True,False,True,False,987,-51.503517150878906,-52.3943977355957,1
The children aren't hiding away.,The child aren't hiding away.,morphology,subject_verb_agreement,irregular_plural_subject_verb_agreement_2,True,False,True,False,988,-37.68727111816406,-38.80028533935547,1
The man replies.,The men replies.,morphology,subject_verb_agreement,irregular_plural_subject_verb_agreement_2,True,False,True,False,989,-22.65454864501953,-23.699535369873047,1
The analyses are praising newspaper articles.,The analysis are praising newspaper articles.,morphology,subject_verb_agreement,irregular_plural_subject_verb_agreement_2,True,False,True,False,990,-50.607322692871094,-51.24323272705078,1
The children exit this lake.,The child exit this lake.,morphology,subject_verb_agreement,irregular_plural_subject_verb_agreement_2,True,False,True,False,991,-39.786224365234375,-39.740501403808594,0
The alumni yawn.,The alumnus yawn.,morphology,subject_verb_agreement,irregular_plural_subject_verb_agreement_2,True,False,True,False,992,-29.733169555664062,-39.2156982421875,1
The oxen climb up hills.,The ox climb up hills.,morphology,subject_verb_agreement,irregular_plural_subject_verb_agreement_2,True,False,True,False,993,-46.463050842285156,-38.71070861816406,0
The men have concurred.,The man have concurred.,morphology,subject_verb_agreement,irregular_plural_subject_verb_agreement_2,True,False,True,False,994,-38.53755187988281,-41.81781005859375,1
The children smile.,The child smile.,morphology,subject_verb_agreement,irregular_plural_subject_verb_agreement_2,True,False,True,False,995,-22.297792434692383,-22.236774444580078,0
The child scratches.,The children scratches.,morphology,subject_verb_agreement,irregular_plural_subject_verb_agreement_2,True,False,True,False,996,-25.700119018554688,-25.041881561279297,0
The child discovers Steve.,The children discovers Steve.,morphology,subject_verb_agreement,irregular_plural_subject_verb_agreement_2,True,False,True,False,997,-34.69342803955078,-35.962825775146484,1
The alumni hate all ladies.,The alumnus hate all ladies.,morphology,subject_verb_agreement,irregular_plural_subject_verb_agreement_2,True,False,True,False,998,-41.621849060058594,-55.291839599609375,1
The woman hasn't departed.,The women hasn't departed.,morphology,subject_verb_agreement,irregular_plural_subject_verb_agreement_2,True,False,True,False,999,-37.1861572265625,-37.5928955078125,1
