sentence_good,sentence_bad,field,linguistics_term,UID,simple_LM_method,one_prefix_method,two_prefix_method,lexically_identical,pair_id,good_prob,bad_prob,correct
The Borgias wore a lot of scarves.,The Borgias worn a lot of scarves.,morphology,irregular_forms,irregular_past_participle_verbs,True,True,False,False,0,-60.66730499267578,-63.1353874206543,1
Teresa hid every senator.,Teresa hidden every senator.,morphology,irregular_forms,irregular_past_participle_verbs,True,True,False,False,1,-45.32291793823242,-43.51605987548828,0
The mushroom went bad.,The mushroom gone bad.,morphology,irregular_forms,irregular_past_participle_verbs,True,True,False,False,2,-34.039772033691406,-36.628761291503906,1
Cheryl came here.,Cheryl come here.,morphology,irregular_forms,irregular_past_participle_verbs,True,True,False,False,3,-38.368988037109375,-37.382755279541016,0
Christopher hid a spotlight.,Christopher hidden a spotlight.,morphology,irregular_forms,irregular_past_participle_verbs,True,True,False,False,4,-28.64242172241211,-29.44838523864746,1
Edward hid the cats.,Edward hidden the cats.,morphology,irregular_forms,irregular_past_participle_verbs,True,True,False,False,5,-28.01624870300293,-27.76321029663086,0
Erin went to some schools.,Erin gone to some schools.,morphology,irregular_forms,irregular_past_participle_verbs,True,True,False,False,6,-33.68040466308594,-39.40022659301758,1
Joel came here.,Joel come here.,morphology,irregular_forms,irregular_past_participle_verbs,True,True,False,False,7,-25.20756721496582,-25.064117431640625,0
Paula broke some plates.,Paula broken some plates.,morphology,irregular_forms,irregular_past_participle_verbs,True,True,False,False,8,-37.15593719482422,-38.172523498535156,1
Raymond woke up.,Raymond woken up.,morphology,irregular_forms,irregular_past_participle_verbs,True,True,False,False,9,-28.78476333618164,-40.442054748535156,1
Randolf drove to a mall.,Randolf driven to a mall.,morphology,irregular_forms,irregular_past_participle_verbs,True,True,False,False,10,-39.00364685058594,-39.60007858276367,1
Laura broke this cart.,Laura broken this cart.,morphology,irregular_forms,irregular_past_participle_verbs,True,True,False,False,11,-29.724002838134766,-30.64716148376465,1
Victoria wore that hat.,Victoria worn that hat.,morphology,irregular_forms,irregular_past_participle_verbs,True,True,False,False,12,-30.603376388549805,-33.066368103027344,1
Carrie took most bikes.,Carrie taken most bikes.,morphology,irregular_forms,irregular_past_participle_verbs,True,True,False,False,13,-37.44880676269531,-40.277496337890625,1
Nancy sang.,Nancy sung.,morphology,irregular_forms,irregular_past_participle_verbs,True,True,False,False,14,-26.679271697998047,-27.529525756835938,1
The guy sang.,The guy sung.,morphology,irregular_forms,irregular_past_participle_verbs,True,True,False,False,15,-21.96529769897461,-23.0169677734375,1
The women broke a lot of convertibles.,The women broken a lot of convertibles.,morphology,irregular_forms,irregular_past_participle_verbs,True,True,False,False,16,-52.04593276977539,-53.34107971191406,1
Lucille went to some cafe.,Lucille gone to some cafe.,morphology,irregular_forms,irregular_past_participle_verbs,True,True,False,False,17,-41.214359283447266,-45.28114318847656,1
Sandra knew Becca.,Sandra known Becca.,morphology,irregular_forms,irregular_past_participle_verbs,True,True,False,False,18,-45.512054443359375,-47.280460357666016,1
Susan knew Florence.,Susan known Florence.,morphology,irregular_forms,irregular_past_participle_verbs,True,True,False,False,19,-24.223350524902344,-23.768619537353516,0
Many girls took that banana.,Many girls taken that banana.,morphology,irregular_forms,irregular_past_participle_verbs,True,True,False,False,20,-35.96275329589844,-40.50902557373047,1
Melissa ate.,Melissa eaten.,morphology,irregular_forms,irregular_past_participle_verbs,True,True,False,False,21,-26.024436950683594,-28.23868179321289,1
Andrew wrote.,Andrew written.,morphology,irregular_forms,irregular_past_participle_verbs,True,True,False,False,22,-11.297806739807129,-12.879971504211426,1
Kendra knew Florence.,Kendra known Florence.,morphology,irregular_forms,irregular_past_participle_verbs,True,True,False,False,23,-34.555885314941406,-35.40077590942383,1
Guests woke up.,Guests woken up.,morphology,irregular_forms,irregular_past_participle_verbs,True,True,False,False,24,-27.646217346191406,-39.05270004272461,1
Suzanne sang.,Suzanne sung.,morphology,irregular_forms,irregular_past_participle_verbs,True,True,False,False,25,-28.108747482299805,-29.30657196044922,1
Catherine knew Amanda.,Catherine known Amanda.,morphology,irregular_forms,irregular_past_participle_verbs,True,True,False,False,26,-38.27271270751953,-38.028663635253906,0
Frank hid away.,Frank hidden away.,morphology,irregular_forms,irregular_past_participle_verbs,True,True,False,False,27,-20.749279022216797,-19.562442779541016,0
Libraries forgot Douglas.,Libraries forgotten Douglas.,morphology,irregular_forms,irregular_past_participle_verbs,True,True,False,False,28,-42.82845687866211,-42.57928466796875,0
Every waiter hid Julia.,Every waiter hidden Julia.,morphology,irregular_forms,irregular_past_participle_verbs,True,True,False,False,29,-40.58776092529297,-39.98478698730469,0
This person spoke up.,This person spoken up.,morphology,irregular_forms,irregular_past_participle_verbs,True,True,False,False,30,-24.585752487182617,-27.927989959716797,1
Caroline hid.,Caroline hidden.,morphology,irregular_forms,irregular_past_participle_verbs,True,True,False,False,31,-27.430923461914062,-25.02680778503418,0
That coat shrank.,That coat shrunk.,morphology,irregular_forms,irregular_past_participle_verbs,True,True,False,False,32,-37.148406982421875,-28.88207244873047,0
James ate.,James eaten.,morphology,irregular_forms,irregular_past_participle_verbs,True,True,False,False,33,-14.440862655639648,-16.292789459228516,1
Michael drove to all hospitals.,Michael driven to all hospitals.,morphology,irregular_forms,irregular_past_participle_verbs,True,True,False,False,34,-29.896560668945312,-29.382537841796875,0
Todd took every car.,Todd taken every car.,morphology,irregular_forms,irregular_past_participle_verbs,True,True,False,False,35,-24.977954864501953,-27.601486206054688,1
Most ladies hid away.,Most ladies hidden away.,morphology,irregular_forms,irregular_past_participle_verbs,True,True,False,False,36,-30.241615295410156,-30.276138305664062,1
Aaron broke the unicycle.,Aaron broken the unicycle.,morphology,irregular_forms,irregular_past_participle_verbs,True,True,False,False,37,-36.274925231933594,-38.087242126464844,1
Stacey took chicken.,Stacey taken chicken.,morphology,irregular_forms,irregular_past_participle_verbs,True,True,False,False,38,-32.30036926269531,-35.97422790527344,1
Charles forgot Sarah.,Charles forgotten Sarah.,morphology,irregular_forms,irregular_past_participle_verbs,True,True,False,False,39,-26.23528289794922,-26.05596923828125,0
Every teenager went to the hospitals.,Every teenager gone to the hospitals.,morphology,irregular_forms,irregular_past_participle_verbs,True,True,False,False,40,-37.56045913696289,-41.294776916503906,1
These guests got fired.,These guests gotten fired.,morphology,irregular_forms,irregular_past_participle_verbs,True,True,False,False,41,-32.36296081542969,-36.144981384277344,1
Elizabeth broke the carriages.,Elizabeth broken the carriages.,morphology,irregular_forms,irregular_past_participle_verbs,True,True,False,False,42,-32.06513595581055,-35.23546600341797,1
Claire woke up.,Claire woken up.,morphology,irregular_forms,irregular_past_participle_verbs,True,True,False,False,43,-28.09365463256836,-38.653472900390625,1
Alice woke up.,Alice woken up.,morphology,irregular_forms,irregular_past_participle_verbs,True,True,False,False,44,-16.62265968322754,-28.574756622314453,1
Victoria wrote.,Victoria written.,morphology,irregular_forms,irregular_past_participle_verbs,True,True,False,False,45,-11.510738372802734,-13.921380043029785,1
Allison got a job.,Allison gotten a job.,morphology,irregular_forms,irregular_past_participle_verbs,True,True,False,False,46,-32.104557037353516,-36.240478515625,1
This dancer broke many glasses.,This dancer broken many glasses.,morphology,irregular_forms,irregular_past_participle_verbs,True,True,False,False,47,-42.50746154785156,-45.012306213378906,1
Banks knew Elaine.,Banks known Elaine.,morphology,irregular_forms,irregular_past_participle_verbs,True,True,False,False,48,-35.6859016418457,-36.655479431152344,1
The Lutherans hid.,The Lutherans hidden.,morphology,irregular_forms,irregular_past_participle_verbs,True,True,False,False,49,-34.905433654785156,-33.57497024536133,0
Kimberley drove to this high school.,Kimberley driven to this high school.,morphology,irregular_forms,irregular_past_participle_verbs,True,True,False,False,50,-48.30143737792969,-49.206199645996094,1
Some boy spoke up.,Some boy spoken up.,morphology,irregular_forms,irregular_past_participle_verbs,True,True,False,False,51,-26.1002140045166,-29.69210433959961,1
Tiffany sang.,Tiffany sung.,morphology,irregular_forms,irregular_past_participle_verbs,True,True,False,False,52,-32.42018127441406,-34.31233596801758,1
Mitchell broke a lot of forks.,Mitchell broken a lot of forks.,morphology,irregular_forms,irregular_past_participle_verbs,True,True,False,False,53,-42.734127044677734,-45.03881072998047,1
Jessica drove to all museums.,Jessica driven to all museums.,morphology,irregular_forms,irregular_past_participle_verbs,True,True,False,False,54,-30.102794647216797,-31.65457534790039,1
Valerie hid away.,Valerie hidden away.,morphology,irregular_forms,irregular_past_participle_verbs,True,True,False,False,55,-31.542022705078125,-31.583045959472656,1
Jesus ate.,Jesus eaten.,morphology,irregular_forms,irregular_past_participle_verbs,True,True,False,False,56,-14.042097091674805,-16.11322021484375,1
Some customer hid.,Some customer hidden.,morphology,irregular_forms,irregular_past_participle_verbs,True,True,False,False,57,-25.311233520507812,-22.475330352783203,0
All actresses hid away.,All actresses hidden away.,morphology,irregular_forms,irregular_past_participle_verbs,True,True,False,False,58,-33.88941955566406,-33.02748107910156,0
Marcus wore this sock.,Marcus worn this sock.,morphology,irregular_forms,irregular_past_participle_verbs,True,True,False,False,59,-30.95467758178711,-32.98582077026367,1
Bradley knew Stacy.,Bradley known Stacy.,morphology,irregular_forms,irregular_past_participle_verbs,True,True,False,False,60,-33.08257293701172,-32.767967224121094,0
Helen took a lot of lamps.,Helen taken a lot of lamps.,morphology,irregular_forms,irregular_past_participle_verbs,True,True,False,False,61,-35.235870361328125,-37.32292175292969,1
These drivers came here.,These drivers come here.,morphology,irregular_forms,irregular_past_participle_verbs,True,True,False,False,62,-26.07025909423828,-23.200021743774414,0
Veronica drove to the hospitals.,Veronica driven to the hospitals.,morphology,irregular_forms,irregular_past_participle_verbs,True,True,False,False,63,-41.398826599121094,-40.288936614990234,0
Lori hid away.,Lori hidden away.,morphology,irregular_forms,irregular_past_participle_verbs,True,True,False,False,64,-31.098236083984375,-30.300395965576172,0
A lot of teenagers spoke up.,A lot of teenagers spoken up.,morphology,irregular_forms,irregular_past_participle_verbs,True,True,False,False,65,-38.74009323120117,-41.339576721191406,1
Danielle knew George.,Danielle known George.,morphology,irregular_forms,irregular_past_participle_verbs,True,True,False,False,66,-29.49106788635254,-30.25736427307129,1
Suzanne broke those trucks.,Suzanne broken those trucks.,morphology,irregular_forms,irregular_past_participle_verbs,True,True,False,False,67,-44.469215393066406,-45.00786590576172,1
A lot of actresses took some river.,A lot of actresses taken some river.,morphology,irregular_forms,irregular_past_participle_verbs,True,True,False,False,68,-50.87876510620117,-52.31800079345703,1
Marla drank.,Marla drunk.,morphology,irregular_forms,irregular_past_participle_verbs,True,True,False,False,69,-23.852279663085938,-25.02275848388672,1
Edward broke some chair.,Edward broken some chair.,morphology,irregular_forms,irregular_past_participle_verbs,True,True,False,False,70,-26.636917114257812,-30.234107971191406,1
Sharon spoke up.,Sharon spoken up.,morphology,irregular_forms,irregular_past_participle_verbs,True,True,False,False,71,-29.105758666992188,-33.11861038208008,1
Many boys woke up.,Many boys woken up.,morphology,irregular_forms,irregular_past_participle_verbs,True,True,False,False,72,-24.850160598754883,-37.575416564941406,1
Sally went fishing.,Sally gone fishing.,morphology,irregular_forms,irregular_past_participle_verbs,True,True,False,False,73,-30.601375579833984,-32.406455993652344,1
Tammy woke up.,Tammy woken up.,morphology,irregular_forms,irregular_past_participle_verbs,True,True,False,False,74,-25.354902267456055,-36.78022003173828,1
Monica ate.,Monica eaten.,morphology,irregular_forms,irregular_past_participle_verbs,True,True,False,False,75,-22.934730529785156,-24.395946502685547,1
Adam ate.,Adam eaten.,morphology,irregular_forms,irregular_past_participle_verbs,True,True,False,False,76,-15.017404556274414,-16.396869659423828,1
Patrick broke a lot of wheelbarrows.,Patrick broken a lot of wheelbarrows.,morphology,irregular_forms,irregular_past_participle_verbs,True,True,False,False,77,-55.0167236328125,-57.70282745361328,1
Lisa ate.,Lisa eaten.,morphology,irregular_forms,irregular_past_participle_verbs,True,True,False,False,78,-14.158973693847656,-16.520244598388672,1
Those students drove to Spain.,Those students driven to Spain.,morphology,irregular_forms,irregular_past_participle_verbs,True,True,False,False,79,-29.87755584716797,-29.124526977539062,0
Carla went to schools.,Carla gone to schools.,morphology,irregular_forms,irregular_past_participle_verbs,True,True,False,False,80,-29.552186965942383,-34.93086242675781,1
Some people broke that chair.,Some people broken that chair.,morphology,irregular_forms,irregular_past_participle_verbs,True,True,False,False,81,-33.37063980102539,-35.635738372802734,1
A lot of dancers broke the vases.,A lot of dancers broken the vases.,morphology,irregular_forms,irregular_past_participle_verbs,True,True,False,False,82,-54.64411926269531,-57.97863006591797,1
Some children came here.,Some children come here.,morphology,irregular_forms,irregular_past_participle_verbs,True,True,False,False,83,-23.344501495361328,-21.132497787475586,0
Raymond drove to Harvard University.,Raymond driven to Harvard University.,morphology,irregular_forms,irregular_past_participle_verbs,True,True,False,False,84,-40.00727081298828,-40.924072265625,1
Keith took these birds.,Keith taken these birds.,morphology,irregular_forms,irregular_past_participle_verbs,True,True,False,False,85,-27.03333282470703,-28.479942321777344,1
Carrie went to some malls.,Carrie gone to some malls.,morphology,irregular_forms,irregular_past_participle_verbs,True,True,False,False,86,-40.90956115722656,-45.66740798950195,1
Tamara went to a cafe.,Tamara gone to a cafe.,morphology,irregular_forms,irregular_past_participle_verbs,True,True,False,False,87,-35.7625846862793,-40.593170166015625,1
Michelle went to the closet.,Michelle gone to the closet.,morphology,irregular_forms,irregular_past_participle_verbs,True,True,False,False,88,-25.06366729736328,-29.015459060668945,1
Janet broke the plane.,Janet broken the plane.,morphology,irregular_forms,irregular_past_participle_verbs,True,True,False,False,89,-31.187232971191406,-35.315494537353516,1
Gerald hid Ann.,Gerald hidden Ann.,morphology,irregular_forms,irregular_past_participle_verbs,True,True,False,False,90,-38.931312561035156,-38.44090270996094,0
Vincent drove to those restaurants.,Vincent driven to those restaurants.,morphology,irregular_forms,irregular_past_participle_verbs,True,True,False,False,91,-44.11695098876953,-45.41783905029297,1
Kirsten broke a dish.,Kirsten broken a dish.,morphology,irregular_forms,irregular_past_participle_verbs,True,True,False,False,92,-44.0221061706543,-47.542720794677734,1
Patrick forgot Victoria.,Patrick forgotten Victoria.,morphology,irregular_forms,irregular_past_participle_verbs,True,True,False,False,93,-26.669525146484375,-25.885421752929688,0
The Clintons wore this coat.,The Clintons worn this coat.,morphology,irregular_forms,irregular_past_participle_verbs,True,True,False,False,94,-42.02391815185547,-43.99493408203125,1
Maria wore jackets.,Maria worn jackets.,morphology,irregular_forms,irregular_past_participle_verbs,True,True,False,False,95,-23.799877166748047,-26.78894805908203,1
This guy came here.,This guy come here.,morphology,irregular_forms,irregular_past_participle_verbs,True,True,False,False,96,-23.345849990844727,-24.424089431762695,1
Tamara hid.,Tamara hidden.,morphology,irregular_forms,irregular_past_participle_verbs,True,True,False,False,97,-25.13445281982422,-22.762353897094727,0
Bethany broke a lot of cups.,Bethany broken a lot of cups.,morphology,irregular_forms,irregular_past_participle_verbs,True,True,False,False,98,-50.904571533203125,-53.585968017578125,1
Those dancers woke up.,Those dancers woken up.,morphology,irregular_forms,irregular_past_participle_verbs,True,True,False,False,99,-27.198463439941406,-40.473331451416016,1
The blouses shrank.,The blouses shrunk.,morphology,irregular_forms,irregular_past_participle_verbs,True,True,False,False,100,-42.89540100097656,-37.780296325683594,0
Many pedestrians broke some cars.,Many pedestrians broken some cars.,morphology,irregular_forms,irregular_past_participle_verbs,True,True,False,False,101,-39.039249420166016,-40.70148849487305,1
Wendy drove to most college campuses.,Wendy driven to most college campuses.,morphology,irregular_forms,irregular_past_participle_verbs,True,True,False,False,102,-57.376922607421875,-57.10385513305664,0
Every teenager sang.,Every teenager sung.,morphology,irregular_forms,irregular_past_participle_verbs,True,True,False,False,103,-26.08098602294922,-27.257129669189453,1
A lot of doctors drove to this library.,A lot of doctors driven to this library.,morphology,irregular_forms,irregular_past_participle_verbs,True,True,False,False,104,-49.0626335144043,-49.15226745605469,1
Every library took some painting.,Every library taken some painting.,morphology,irregular_forms,irregular_past_participle_verbs,True,True,False,False,105,-35.298362731933594,-38.003997802734375,1
Andrea broke these vases.,Andrea broken these vases.,morphology,irregular_forms,irregular_past_participle_verbs,True,True,False,False,106,-47.115196228027344,-48.487709045410156,1
Paula wore these sweaters.,Paula worn these sweaters.,morphology,irregular_forms,irregular_past_participle_verbs,True,True,False,False,107,-41.23585510253906,-41.93187713623047,1
Aaron drove to some mountain.,Aaron driven to some mountain.,morphology,irregular_forms,irregular_past_participle_verbs,True,True,False,False,108,-32.69324493408203,-33.25479507446289,1
Deborah wore the jacket.,Deborah worn the jacket.,morphology,irregular_forms,irregular_past_participle_verbs,True,True,False,False,109,-37.1138801574707,-38.37147903442383,1
Jennifer broke a carriage.,Jennifer broken a carriage.,morphology,irregular_forms,irregular_past_participle_verbs,True,True,False,False,110,-25.203083038330078,-28.761714935302734,1
Dawn hid many shawls.,Dawn hidden many shawls.,morphology,irregular_forms,irregular_past_participle_verbs,True,True,False,False,111,-54.60515594482422,-53.424163818359375,0
Diane went fishing.,Diane gone fishing.,morphology,irregular_forms,irregular_past_participle_verbs,True,True,False,False,112,-32.14408493041992,-36.891761779785156,1
Rhonda wore a shoe.,Rhonda worn a shoe.,morphology,irregular_forms,irregular_past_participle_verbs,True,True,False,False,113,-36.60366439819336,-39.446285247802734,1
Carla broke some plates.,Carla broken some plates.,morphology,irregular_forms,irregular_past_participle_verbs,True,True,False,False,114,-38.12537384033203,-41.267791748046875,1
These actors got a job.,These actors gotten a job.,morphology,irregular_forms,irregular_past_participle_verbs,True,True,False,False,115,-30.184764862060547,-34.24958038330078,1
A lot of women hid away.,A lot of women hidden away.,morphology,irregular_forms,irregular_past_participle_verbs,True,True,False,False,116,-38.1318244934082,-38.40027618408203,1
The patients wore every shoe.,The patients worn every shoe.,morphology,irregular_forms,irregular_past_participle_verbs,True,True,False,False,117,-41.412628173828125,-41.06903076171875,0
Theresa drove to the public park.,Theresa driven to the public park.,morphology,irregular_forms,irregular_past_participle_verbs,True,True,False,False,118,-40.38753128051758,-41.79451370239258,1
Naomi sang.,Naomi sung.,morphology,irregular_forms,irregular_past_participle_verbs,True,True,False,False,119,-25.179250717163086,-26.38811683654785,1
Those adults wore most shoes.,Those adults worn most shoes.,morphology,irregular_forms,irregular_past_participle_verbs,True,True,False,False,120,-37.92842102050781,-39.910987854003906,1
The waiters spoke up.,The waiters spoken up.,morphology,irregular_forms,irregular_past_participle_verbs,True,True,False,False,121,-33.46705627441406,-36.62193298339844,1
Katherine ate.,Katherine eaten.,morphology,irregular_forms,irregular_past_participle_verbs,True,True,False,False,122,-26.786359786987305,-27.807079315185547,1
Rose went to every art gallery.,Rose gone to every art gallery.,morphology,irregular_forms,irregular_past_participle_verbs,True,True,False,False,123,-39.55009841918945,-43.71305847167969,1
Denise got a job.,Denise gotten a job.,morphology,irregular_forms,irregular_past_participle_verbs,True,True,False,False,124,-32.4405517578125,-35.64023971557617,1
Anne knew Todd.,Anne known Todd.,morphology,irregular_forms,irregular_past_participle_verbs,True,True,False,False,125,-25.600406646728516,-26.76661491394043,1
Helen got fired.,Helen gotten fired.,morphology,irregular_forms,irregular_past_participle_verbs,True,True,False,False,126,-28.718908309936523,-32.669315338134766,1
Those waiters spoke up.,Those waiters spoken up.,morphology,irregular_forms,irregular_past_participle_verbs,True,True,False,False,127,-32.85548782348633,-35.64445877075195,1
That actor hid away.,That actor hidden away.,morphology,irregular_forms,irregular_past_participle_verbs,True,True,False,False,128,-28.83917236328125,-28.7540340423584,0
Laurie came here.,Laurie come here.,morphology,irregular_forms,irregular_past_participle_verbs,True,True,False,False,129,-31.0550594329834,-30.494287490844727,0
Tamara came here.,Tamara come here.,morphology,irregular_forms,irregular_past_participle_verbs,True,True,False,False,130,-25.42121696472168,-25.00731086730957,0
Those drivers got a job.,Those drivers gotten a job.,morphology,irregular_forms,irregular_past_participle_verbs,True,True,False,False,131,-27.75727653503418,-30.872583389282227,1
Stephen forgot Nancy.,Stephen forgotten Nancy.,morphology,irregular_forms,irregular_past_participle_verbs,True,True,False,False,132,-27.496334075927734,-26.802230834960938,0
Peter forgot Tammy.,Peter forgotten Tammy.,morphology,irregular_forms,irregular_past_participle_verbs,True,True,False,False,133,-28.61069679260254,-28.028850555419922,0
Rhonda went to the river.,Rhonda gone to the river.,morphology,irregular_forms,irregular_past_participle_verbs,True,True,False,False,134,-32.94657516479492,-38.02362823486328,1
Those doctors wore that coat.,Those doctors worn that coat.,morphology,irregular_forms,irregular_past_participle_verbs,True,True,False,False,135,-41.62403106689453,-42.284061431884766,1
Colleen got a job.,Colleen gotten a job.,morphology,irregular_forms,irregular_past_participle_verbs,True,True,False,False,136,-30.10202407836914,-33.89133834838867,1
A man wrote.,A man written.,morphology,irregular_forms,irregular_past_participle_verbs,True,True,False,False,137,-18.31338119506836,-21.597280502319336,1
Linda got fired.,Linda gotten fired.,morphology,irregular_forms,irregular_past_participle_verbs,True,True,False,False,138,-32.87217712402344,-36.80460739135742,1
The Lutherans woke up.,The Lutherans woken up.,morphology,irregular_forms,irregular_past_participle_verbs,True,True,False,False,139,-36.75368881225586,-49.606651306152344,1
The peppers went bad.,The peppers gone bad.,morphology,irregular_forms,irregular_past_participle_verbs,True,True,False,False,140,-33.339759826660156,-35.268653869628906,1
Keith wrote.,Keith written.,morphology,irregular_forms,irregular_past_participle_verbs,True,True,False,False,141,-11.576117515563965,-13.656859397888184,1
Some girl hid that screen.,Some girl hidden that screen.,morphology,irregular_forms,irregular_past_participle_verbs,True,True,False,False,142,-39.18956756591797,-38.21715545654297,0
This popsicle froze.,This popsicle frozen.,morphology,irregular_forms,irregular_past_participle_verbs,True,True,False,False,143,-36.535362243652344,-35.45144271850586,0
Leslie ate.,Leslie eaten.,morphology,irregular_forms,irregular_past_participle_verbs,True,True,False,False,144,-25.167112350463867,-26.928865432739258,1
Florence woke up.,Florence woken up.,morphology,irregular_forms,irregular_past_participle_verbs,True,True,False,False,145,-34.39177703857422,-47.1717414855957,1
Vanessa woke up.,Vanessa woken up.,morphology,irregular_forms,irregular_past_participle_verbs,True,True,False,False,146,-27.7252140045166,-41.266845703125,1
Monet got fired.,Monet gotten fired.,morphology,irregular_forms,irregular_past_participle_verbs,True,True,False,False,147,-28.15947723388672,-32.538326263427734,1
Sharon went fishing.,Sharon gone fishing.,morphology,irregular_forms,irregular_past_participle_verbs,True,True,False,False,148,-30.932952880859375,-35.45374298095703,1
Renee drove to the art gallery.,Renee driven to the art gallery.,morphology,irregular_forms,irregular_past_participle_verbs,True,True,False,False,149,-42.861900329589844,-43.197479248046875,1
Many ladies hid the girl.,Many ladies hidden the girl.,morphology,irregular_forms,irregular_past_participle_verbs,True,True,False,False,150,-36.0311279296875,-36.51001739501953,1
Valerie wrote.,Valerie written.,morphology,irregular_forms,irregular_past_participle_verbs,True,True,False,False,151,-23.306673049926758,-25.058982849121094,1
Melinda got a job.,Melinda gotten a job.,morphology,irregular_forms,irregular_past_participle_verbs,True,True,False,False,152,-31.30197525024414,-35.287078857421875,1
Nancy spoke up.,Nancy spoken up.,morphology,irregular_forms,irregular_past_participle_verbs,True,True,False,False,153,-29.568960189819336,-32.99037551879883,1
Many boys wore every dress.,Many boys worn every dress.,morphology,irregular_forms,irregular_past_participle_verbs,True,True,False,False,154,-37.31557846069336,-39.410316467285156,1
Florence got fired.,Florence gotten fired.,morphology,irregular_forms,irregular_past_participle_verbs,True,True,False,False,155,-40.639488220214844,-44.414608001708984,1
Sabrina wore a lot of hats.,Sabrina worn a lot of hats.,morphology,irregular_forms,irregular_past_participle_verbs,True,True,False,False,156,-40.1767692565918,-42.612274169921875,1
Jeffrey hid away.,Jeffrey hidden away.,morphology,irregular_forms,irregular_past_participle_verbs,True,True,False,False,157,-29.545433044433594,-29.53142547607422,0
Kendra broke the mirrors.,Kendra broken the mirrors.,morphology,irregular_forms,irregular_past_participle_verbs,True,True,False,False,158,-36.86766052246094,-39.42100524902344,1
Debra wrote.,Debra written.,morphology,irregular_forms,irregular_past_participle_verbs,True,True,False,False,159,-20.289562225341797,-22.631149291992188,1
Those glaciers froze.,Those glaciers frozen.,morphology,irregular_forms,irregular_past_participle_verbs,True,True,False,False,160,-29.467124938964844,-28.478878021240234,0
Larry wore the coat.,Larry worn the coat.,morphology,irregular_forms,irregular_past_participle_verbs,True,True,False,False,161,-26.305477142333984,-28.025989532470703,1
Tonya got fired.,Tonya gotten fired.,morphology,irregular_forms,irregular_past_participle_verbs,True,True,False,False,162,-29.942459106445312,-32.914390563964844,1
Candice hid away.,Candice hidden away.,morphology,irregular_forms,irregular_past_participle_verbs,True,True,False,False,163,-28.314228057861328,-29.18767547607422,1
Omar went to high schools.,Omar gone to high schools.,morphology,irregular_forms,irregular_past_participle_verbs,True,True,False,False,164,-37.37557601928711,-42.32124710083008,1
Caroline broke couches.,Caroline broken couches.,morphology,irregular_forms,irregular_past_participle_verbs,True,True,False,False,165,-40.07233428955078,-39.637916564941406,0
Men broke those bicycles.,Men broken those bicycles.,morphology,irregular_forms,irregular_past_participle_verbs,True,True,False,False,166,-30.20224380493164,-32.01335144042969,1
Stephen went to most libraries.,Stephen gone to most libraries.,morphology,irregular_forms,irregular_past_participle_verbs,True,True,False,False,167,-31.621044158935547,-36.30401611328125,1
These dancers wrote.,These dancers written.,morphology,irregular_forms,irregular_past_participle_verbs,True,True,False,False,168,-23.980188369750977,-26.20895004272461,1
Steve hid.,Steve hidden.,morphology,irregular_forms,irregular_past_participle_verbs,True,True,False,False,169,-15.919777870178223,-13.800040245056152,0
Kendra came here.,Kendra come here.,morphology,irregular_forms,irregular_past_participle_verbs,True,True,False,False,170,-27.365642547607422,-28.26675796508789,1
Carlos broke that wheelbarrow.,Carlos broken that wheelbarrow.,morphology,irregular_forms,irregular_past_participle_verbs,True,True,False,False,171,-57.45962905883789,-59.09390640258789,1
Katherine forgot Frank.,Katherine forgotten Frank.,morphology,irregular_forms,irregular_past_participle_verbs,True,True,False,False,172,-39.65914535522461,-38.82344055175781,0
The glacier froze.,The glacier frozen.,morphology,irregular_forms,irregular_past_participle_verbs,True,True,False,False,173,-27.295513153076172,-26.223712921142578,0
Those shawls shrank.,Those shawls shrunk.,morphology,irregular_forms,irregular_past_participle_verbs,True,True,False,False,174,-47.879608154296875,-42.89250564575195,0
All doctors drove to this hill.,All doctors driven to this hill.,morphology,irregular_forms,irregular_past_participle_verbs,True,True,False,False,175,-41.6628303527832,-42.215049743652344,1
The adult broke a lot of dishes.,The adult broken a lot of dishes.,morphology,irregular_forms,irregular_past_participle_verbs,True,True,False,False,176,-41.164920806884766,-42.83937072753906,1
All guys forgot Kenneth.,All guys forgotten Kenneth.,morphology,irregular_forms,irregular_past_participle_verbs,True,True,False,False,177,-36.952789306640625,-37.99249267578125,1
Craig went to a lot of malls.,Craig gone to a lot of malls.,morphology,irregular_forms,irregular_past_participle_verbs,True,True,False,False,178,-32.80731964111328,-35.42295455932617,1
Diana broke the car.,Diana broken the car.,morphology,irregular_forms,irregular_past_participle_verbs,True,True,False,False,179,-32.64329528808594,-36.334449768066406,1
Travis got fired.,Travis gotten fired.,morphology,irregular_forms,irregular_past_participle_verbs,True,True,False,False,180,-32.6711540222168,-37.899269104003906,1
Rodney broke some couch.,Rodney broken some couch.,morphology,irregular_forms,irregular_past_participle_verbs,True,True,False,False,181,-37.395774841308594,-39.529815673828125,1
Kristen broke that mirror.,Kristen broken that mirror.,morphology,irregular_forms,irregular_past_participle_verbs,True,True,False,False,182,-38.07941436767578,-39.535736083984375,1
The hats shrank.,The hats shrunk.,morphology,irregular_forms,irregular_past_participle_verbs,True,True,False,False,183,-37.08462142944336,-30.14542007446289,0
Adam took that horse.,Adam taken that horse.,morphology,irregular_forms,irregular_past_participle_verbs,True,True,False,False,184,-26.95241928100586,-30.03594207763672,1
Patients broke all mirrors.,Patients broken all mirrors.,morphology,irregular_forms,irregular_past_participle_verbs,True,True,False,False,185,-41.51763153076172,-42.92829132080078,1
All girls broke every car.,All girls broken every car.,morphology,irregular_forms,irregular_past_participle_verbs,True,True,False,False,186,-35.422325134277344,-37.28925323486328,1
Those pedestrians drank.,Those pedestrians drunk.,morphology,irregular_forms,irregular_past_participle_verbs,True,True,False,False,187,-28.929336547851562,-29.40032196044922,1
Every patient broke the vases.,Every patient broken the vases.,morphology,irregular_forms,irregular_past_participle_verbs,True,True,False,False,188,-41.749229431152344,-43.118194580078125,1
Melinda woke up.,Melinda woken up.,morphology,irregular_forms,irregular_past_participle_verbs,True,True,False,False,189,-28.21784782409668,-38.492122650146484,1
All mushrooms went bad.,All mushrooms gone bad.,morphology,irregular_forms,irregular_past_participle_verbs,True,True,False,False,190,-33.50083923339844,-35.96636962890625,1
Elaine spoke up.,Elaine spoken up.,morphology,irregular_forms,irregular_past_participle_verbs,True,True,False,False,191,-28.54897117614746,-32.49281692504883,1
These guys took a lot of newspaper articles.,These guys taken a lot of newspaper articles.,morphology,irregular_forms,irregular_past_participle_verbs,True,True,False,False,192,-44.44773864746094,-45.373069763183594,1
Marcus hid.,Marcus hidden.,morphology,irregular_forms,irregular_past_participle_verbs,True,True,False,False,193,-14.756586074829102,-12.612863540649414,0
Jacqueline wore many jackets.,Jacqueline worn many jackets.,morphology,irregular_forms,irregular_past_participle_verbs,True,True,False,False,194,-49.32735824584961,-52.011497497558594,1
Samuel drank.,Samuel drunk.,morphology,irregular_forms,irregular_past_participle_verbs,True,True,False,False,195,-25.872182846069336,-26.874784469604492,1
Bradley broke this plate.,Bradley broken this plate.,morphology,irregular_forms,irregular_past_participle_verbs,True,True,False,False,196,-33.56071090698242,-36.135520935058594,1
Walter hid.,Walter hidden.,morphology,irregular_forms,irregular_past_participle_verbs,True,True,False,False,197,-23.191617965698242,-20.625829696655273,0
Many universities knew Dawn.,Many universities known Dawn.,morphology,irregular_forms,irregular_past_participle_verbs,True,True,False,False,198,-34.01378631591797,-33.88837432861328,0
Natalie drove to many museums.,Natalie driven to many museums.,morphology,irregular_forms,irregular_past_participle_verbs,True,True,False,False,199,-44.51720428466797,-45.249725341796875,1
Eric took computers.,Eric taken computers.,morphology,irregular_forms,irregular_past_participle_verbs,True,True,False,False,200,-22.17330551147461,-22.93022918701172,1
Allison broke these cups.,Allison broken these cups.,morphology,irregular_forms,irregular_past_participle_verbs,True,True,False,False,201,-41.549720764160156,-43.855674743652344,1
Carrie ate.,Carrie eaten.,morphology,irregular_forms,irregular_past_participle_verbs,True,True,False,False,202,-23.94244384765625,-24.567153930664062,1
Meredith wrote.,Meredith written.,morphology,irregular_forms,irregular_past_participle_verbs,True,True,False,False,203,-26.774856567382812,-30.12837791442871,1
Some adults broke a lot of wheelbarrows.,Some adults broken a lot of wheelbarrows.,morphology,irregular_forms,irregular_past_participle_verbs,True,True,False,False,204,-62.68041229248047,-64.25492858886719,1
Margaret ate.,Margaret eaten.,morphology,irregular_forms,irregular_past_participle_verbs,True,True,False,False,205,-25.19833755493164,-26.6103515625,1
Sara went fishing.,Sara gone fishing.,morphology,irregular_forms,irregular_past_participle_verbs,True,True,False,False,206,-28.38134002685547,-33.06751251220703,1
Martin went fishing.,Martin gone fishing.,morphology,irregular_forms,irregular_past_participle_verbs,True,True,False,False,207,-19.550682067871094,-24.024932861328125,1
Steve sang.,Steve sung.,morphology,irregular_forms,irregular_past_participle_verbs,True,True,False,False,208,-13.746454238891602,-15.810262680053711,1
Carrie spoke up.,Carrie spoken up.,morphology,irregular_forms,irregular_past_participle_verbs,True,True,False,False,209,-26.865234375,-31.641014099121094,1
Becca wore the shoes.,Becca worn the shoes.,morphology,irregular_forms,irregular_past_participle_verbs,True,True,False,False,210,-38.045738220214844,-38.593597412109375,1
Most mushrooms went bad.,Most mushrooms gone bad.,morphology,irregular_forms,irregular_past_participle_verbs,True,True,False,False,211,-32.532554626464844,-34.29459762573242,1
Many skirts shrank.,Many skirts shrunk.,morphology,irregular_forms,irregular_past_participle_verbs,True,True,False,False,212,-37.59360122680664,-31.08649444580078,0
Alexander wrote.,Alexander written.,morphology,irregular_forms,irregular_past_participle_verbs,True,True,False,False,213,-11.424880981445312,-13.934489250183105,1
All hats shrank.,All hats shrunk.,morphology,irregular_forms,irregular_past_participle_verbs,True,True,False,False,214,-37.1417121887207,-30.946352005004883,0
That lake froze.,That lake frozen.,morphology,irregular_forms,irregular_past_participle_verbs,True,True,False,False,215,-28.698997497558594,-27.520809173583984,0
The dancers hid.,The dancers hidden.,morphology,irregular_forms,irregular_past_participle_verbs,True,True,False,False,216,-26.446739196777344,-24.17064094543457,0
Some waiter knew Kirsten.,Some waiter known Kirsten.,morphology,irregular_forms,irregular_past_participle_verbs,True,True,False,False,217,-42.66436767578125,-42.23439407348633,0
Claire ate.,Claire eaten.,morphology,irregular_forms,irregular_past_participle_verbs,True,True,False,False,218,-25.999767303466797,-26.801368713378906,1
Some dancers drank.,Some dancers drunk.,morphology,irregular_forms,irregular_past_participle_verbs,True,True,False,False,219,-26.94384765625,-27.398653030395508,1
Mary hid a lot of glasses.,Mary hidden a lot of glasses.,morphology,irregular_forms,irregular_past_participle_verbs,True,True,False,False,220,-33.80533981323242,-34.83820343017578,1
Tammy wore some sock.,Tammy worn some sock.,morphology,irregular_forms,irregular_past_participle_verbs,True,True,False,False,221,-39.575775146484375,-42.67329025268555,1
Kevin woke up.,Kevin woken up.,morphology,irregular_forms,irregular_past_participle_verbs,True,True,False,False,222,-16.551692962646484,-29.131521224975586,1
Daniel broke some chair.,Daniel broken some chair.,morphology,irregular_forms,irregular_past_participle_verbs,True,True,False,False,223,-27.51776123046875,-30.127464294433594,1
Brenda came here.,Brenda come here.,morphology,irregular_forms,irregular_past_participle_verbs,True,True,False,False,224,-21.251129150390625,-20.721302032470703,0
Most girls wrote.,Most girls written.,morphology,irregular_forms,irregular_past_participle_verbs,True,True,False,False,225,-21.18661117553711,-23.23493194580078,1
Danielle got fired.,Danielle gotten fired.,morphology,irregular_forms,irregular_past_participle_verbs,True,True,False,False,226,-28.84911346435547,-33.072120666503906,1
Theodore broke most bikes.,Theodore broken most bikes.,morphology,irregular_forms,irregular_past_participle_verbs,True,True,False,False,227,-45.23389434814453,-47.51078796386719,1
Most cashiers went fishing.,Most cashiers gone fishing.,morphology,irregular_forms,irregular_past_participle_verbs,True,True,False,False,228,-43.18534469604492,-46.682525634765625,1
Theresa broke all bicycles.,Theresa broken all bicycles.,morphology,irregular_forms,irregular_past_participle_verbs,True,True,False,False,229,-42.169036865234375,-44.219520568847656,1
Those people hid away.,Those people hidden away.,morphology,irregular_forms,irregular_past_participle_verbs,True,True,False,False,230,-24.9423885345459,-24.175317764282227,0
These shoes shrank.,These shoes shrunk.,morphology,irregular_forms,irregular_past_participle_verbs,True,True,False,False,231,-35.72358322143555,-28.754344940185547,0
This actress hid.,This actress hidden.,morphology,irregular_forms,irregular_past_participle_verbs,True,True,False,False,232,-25.74456024169922,-24.24315643310547,0
The popsicle froze.,The popsicle frozen.,morphology,irregular_forms,irregular_past_participle_verbs,True,True,False,False,233,-37.2587776184082,-36.40464782714844,0
Many people hid away.,Many people hidden away.,morphology,irregular_forms,irregular_past_participle_verbs,True,True,False,False,234,-23.240032196044922,-22.741622924804688,0
Gregory hid those bicycles.,Gregory hidden those bicycles.,morphology,irregular_forms,irregular_past_participle_verbs,True,True,False,False,235,-42.18302917480469,-42.12721633911133,0
Amy sang.,Amy sung.,morphology,irregular_forms,irregular_past_participle_verbs,True,True,False,False,236,-13.85071086883545,-15.754117012023926,1
A sock shrank.,A sock shrunk.,morphology,irregular_forms,irregular_past_participle_verbs,True,True,False,False,237,-35.22972869873047,-29.108192443847656,0
Tiffany hid the lady.,Tiffany hidden the lady.,morphology,irregular_forms,irregular_past_participle_verbs,True,True,False,False,238,-46.091468811035156,-47.23854064941406,1
Carmen took this box.,Carmen taken this box.,morphology,irregular_forms,irregular_past_participle_verbs,True,True,False,False,239,-41.84562683105469,-44.18190002441406,1
Eva drove to this library.,Eva driven to this library.,morphology,irregular_forms,irregular_past_participle_verbs,True,True,False,False,240,-29.471454620361328,-30.397544860839844,1
Monet hid.,Monet hidden.,morphology,irregular_forms,irregular_past_participle_verbs,True,True,False,False,241,-23.181427001953125,-21.377668380737305,0
Donna went to this art gallery.,Donna gone to this art gallery.,morphology,irregular_forms,irregular_past_participle_verbs,True,True,False,False,242,-44.96697998046875,-49.0355224609375,1
Brenda hid the bicycles.,Brenda hidden the bicycles.,morphology,irregular_forms,irregular_past_participle_verbs,True,True,False,False,243,-33.857086181640625,-34.40020751953125,1
Most actresses wore a lot of jackets.,Most actresses worn a lot of jackets.,morphology,irregular_forms,irregular_past_participle_verbs,True,True,False,False,244,-45.33715057373047,-45.98504638671875,1
This lake froze.,This lake frozen.,morphology,irregular_forms,irregular_past_participle_verbs,True,True,False,False,245,-27.565731048583984,-25.871063232421875,0
The waiters hid that actress.,The waiters hidden that actress.,morphology,irregular_forms,irregular_past_participle_verbs,True,True,False,False,246,-49.1146354675293,-47.72945022583008,0
Diana wore a lot of hats.,Diana worn a lot of hats.,morphology,irregular_forms,irregular_past_participle_verbs,True,True,False,False,247,-39.04233932495117,-41.851654052734375,1
Matt knew Kathleen.,Matt known Kathleen.,morphology,irregular_forms,irregular_past_participle_verbs,True,True,False,False,248,-24.031147003173828,-26.164583206176758,1
Jacqueline wore most shirts.,Jacqueline worn most shirts.,morphology,irregular_forms,irregular_past_participle_verbs,True,True,False,False,249,-49.69768142700195,-52.07173538208008,1
Tammy broke those forks.,Tammy broken those forks.,morphology,irregular_forms,irregular_past_participle_verbs,True,True,False,False,250,-40.599700927734375,-40.345218658447266,0
Some eggplants went bad.,Some eggplants gone bad.,morphology,irregular_forms,irregular_past_participle_verbs,True,True,False,False,251,-51.864402770996094,-52.967018127441406,1
Those girls got a job.,Those girls gotten a job.,morphology,irregular_forms,irregular_past_participle_verbs,True,True,False,False,252,-26.585041046142578,-30.69235610961914,1
Kenneth spoke up.,Kenneth spoken up.,morphology,irregular_forms,irregular_past_participle_verbs,True,True,False,False,253,-27.74592399597168,-30.994300842285156,1
Clyde took this eggplant.,Clyde taken this eggplant.,morphology,irregular_forms,irregular_past_participle_verbs,True,True,False,False,254,-56.063438415527344,-58.23652267456055,1
Stacy drank.,Stacy drunk.,morphology,irregular_forms,irregular_past_participle_verbs,True,True,False,False,255,-27.08539390563965,-27.655841827392578,1
Alice came here.,Alice come here.,morphology,irregular_forms,irregular_past_participle_verbs,True,True,False,False,256,-17.087860107421875,-16.021896362304688,0
Tara hid away.,Tara hidden away.,morphology,irregular_forms,irregular_past_participle_verbs,True,True,False,False,257,-28.74810791015625,-28.08324432373047,0
All boys hid this face.,All boys hidden this face.,morphology,irregular_forms,irregular_past_participle_verbs,True,True,False,False,258,-38.71318054199219,-38.41731643676758,0
Jodi went to a lot of mountains.,Jodi gone to a lot of mountains.,morphology,irregular_forms,irregular_past_participle_verbs,True,True,False,False,259,-41.00131607055664,-44.60511016845703,1
Bruce went to banks.,Bruce gone to banks.,morphology,irregular_forms,irregular_past_participle_verbs,True,True,False,False,260,-22.5113582611084,-27.075071334838867,1
Martha knew Keith.,Martha known Keith.,morphology,irregular_forms,irregular_past_participle_verbs,True,True,False,False,261,-36.47212600708008,-36.886375427246094,1
This pedestrian hid Alexander.,This pedestrian hidden Alexander.,morphology,irregular_forms,irregular_past_participle_verbs,True,True,False,False,262,-36.39158630371094,-35.69373321533203,0
Gina drove to most closets.,Gina driven to most closets.,morphology,irregular_forms,irregular_past_participle_verbs,True,True,False,False,263,-44.277503967285156,-43.700782775878906,0
Kayla went to the restaurants.,Kayla gone to the restaurants.,morphology,irregular_forms,irregular_past_participle_verbs,True,True,False,False,264,-33.51955032348633,-38.206260681152344,1
Dawn broke that plane.,Dawn broken that plane.,morphology,irregular_forms,irregular_past_participle_verbs,True,True,False,False,265,-39.395389556884766,-41.8751220703125,1
Caroline hid all gates.,Caroline hidden all gates.,morphology,irregular_forms,irregular_past_participle_verbs,True,True,False,False,266,-43.3668212890625,-42.59453582763672,0
The Impressionists went fishing.,The Impressionists gone fishing.,morphology,irregular_forms,irregular_past_participle_verbs,True,True,False,False,267,-47.04669952392578,-51.130393981933594,1
Mushrooms went bad.,Mushrooms gone bad.,morphology,irregular_forms,irregular_past_participle_verbs,True,True,False,False,268,-43.758785247802734,-45.686378479003906,1
That driver knew Anne.,That driver known Anne.,morphology,irregular_forms,irregular_past_participle_verbs,True,True,False,False,269,-34.90088653564453,-36.95541000366211,1
Nina drove to the high schools.,Nina driven to the high schools.,morphology,irregular_forms,irregular_past_participle_verbs,True,True,False,False,270,-37.6461296081543,-38.053794860839844,1
Kenneth sang.,Kenneth sung.,morphology,irregular_forms,irregular_past_participle_verbs,True,True,False,False,271,-23.803817749023438,-24.87123680114746,1
A lot of adults woke up.,A lot of adults woken up.,morphology,irregular_forms,irregular_past_participle_verbs,True,True,False,False,272,-33.12358093261719,-48.087852478027344,1
Randolf knew the Lutherans.,Randolf known the Lutherans.,morphology,irregular_forms,irregular_past_participle_verbs,True,True,False,False,273,-44.728973388671875,-44.70726013183594,0
Many patients hid away.,Many patients hidden away.,morphology,irregular_forms,irregular_past_participle_verbs,True,True,False,False,274,-28.878276824951172,-27.93250274658203,0
Richard broke a lot of unicycles.,Richard broken a lot of unicycles.,morphology,irregular_forms,irregular_past_participle_verbs,True,True,False,False,275,-48.81132888793945,-51.30122375488281,1
A lot of actors drank.,A lot of actors drunk.,morphology,irregular_forms,irregular_past_participle_verbs,True,True,False,False,276,-36.10904312133789,-37.41727066040039,1
Sara drove to all cafes.,Sara driven to all cafes.,morphology,irregular_forms,irregular_past_participle_verbs,True,True,False,False,277,-41.00630187988281,-40.997493743896484,0
Some waitresses hid some painting.,Some waitresses hidden some painting.,morphology,irregular_forms,irregular_past_participle_verbs,True,True,False,False,278,-53.86840057373047,-52.51583480834961,0
Sara got a job.,Sara gotten a job.,morphology,irregular_forms,irregular_past_participle_verbs,True,True,False,False,279,-29.08060073852539,-33.80840301513672,1
Janet went to the school.,Janet gone to the school.,morphology,irregular_forms,irregular_past_participle_verbs,True,True,False,False,280,-30.598464965820312,-35.58757019042969,1
Eric broke most glasses.,Eric broken most glasses.,morphology,irregular_forms,irregular_past_participle_verbs,True,True,False,False,281,-31.366844177246094,-33.22386932373047,1
The pedestrians came here.,The pedestrians come here.,morphology,irregular_forms,irregular_past_participle_verbs,True,True,False,False,282,-28.542850494384766,-27.938817977905273,0
That adult sang.,That adult sung.,morphology,irregular_forms,irregular_past_participle_verbs,True,True,False,False,283,-25.377391815185547,-25.810693740844727,1
Many pedestrians spoke up.,Many pedestrians spoken up.,morphology,irregular_forms,irregular_past_participle_verbs,True,True,False,False,284,-30.37975311279297,-32.67317199707031,1
The glasses shrank.,The glasses shrunk.,morphology,irregular_forms,irregular_past_participle_verbs,True,True,False,False,285,-35.374446868896484,-29.269779205322266,0
Michelle took those cars.,Michelle taken those cars.,morphology,irregular_forms,irregular_past_participle_verbs,True,True,False,False,286,-26.805570602416992,-29.268115997314453,1
Irene drank.,Irene drunk.,morphology,irregular_forms,irregular_past_participle_verbs,True,True,False,False,287,-29.902923583984375,-27.920726776123047,0
Winston Churchill wrote.,Winston Churchill written.,morphology,irregular_forms,irregular_past_participle_verbs,True,True,False,False,288,-34.89650344848633,-37.087974548339844,1
Caroline went fishing.,Caroline gone fishing.,morphology,irregular_forms,irregular_past_participle_verbs,True,True,False,False,289,-31.84412384033203,-36.59632110595703,1
Rose drove to a glacier.,Rose driven to a glacier.,morphology,irregular_forms,irregular_past_participle_verbs,True,True,False,False,290,-30.191661834716797,-30.39887237548828,1
Adam knew Karla.,Adam known Karla.,morphology,irregular_forms,irregular_past_participle_verbs,True,True,False,False,291,-31.589658737182617,-29.71027374267578,0
Those teenagers went fishing.,Those teenagers gone fishing.,morphology,irregular_forms,irregular_past_participle_verbs,True,True,False,False,292,-29.63739013671875,-32.39523696899414,1
All cucumbers went bad.,All cucumbers gone bad.,morphology,irregular_forms,irregular_past_participle_verbs,True,True,False,False,293,-41.57341766357422,-42.60358810424805,1
Carmen sang.,Carmen sung.,morphology,irregular_forms,irregular_past_participle_verbs,True,True,False,False,294,-30.847972869873047,-33.28907012939453,1
Some guys woke up.,Some guys woken up.,morphology,irregular_forms,irregular_past_participle_verbs,True,True,False,False,295,-23.297924041748047,-37.66232681274414,1
Wendy broke this convertible.,Wendy broken this convertible.,morphology,irregular_forms,irregular_past_participle_verbs,True,True,False,False,296,-45.336143493652344,-48.70988464355469,1
The women drank.,The women drunk.,morphology,irregular_forms,irregular_past_participle_verbs,True,True,False,False,297,-23.484325408935547,-24.03689193725586,1
Those actors drove to Harvard University.,Those actors driven to Harvard University.,morphology,irregular_forms,irregular_past_participle_verbs,True,True,False,False,298,-38.093292236328125,-37.54744338989258,0
Glaciers froze.,Glaciers frozen.,morphology,irregular_forms,irregular_past_participle_verbs,True,True,False,False,299,-33.59175109863281,-32.19243240356445,0
Michael broke that mirror.,Michael broken that mirror.,morphology,irregular_forms,irregular_past_participle_verbs,True,True,False,False,300,-27.90311622619629,-30.02276611328125,1
Some eggplant went bad.,Some eggplant gone bad.,morphology,irregular_forms,irregular_past_participle_verbs,True,True,False,False,301,-45.0711669921875,-45.176856994628906,1
Kristen went to every college campus.,Kristen gone to every college campus.,morphology,irregular_forms,irregular_past_participle_verbs,True,True,False,False,302,-45.46588897705078,-49.68157958984375,1
David hid Denise.,David hidden Denise.,morphology,irregular_forms,irregular_past_participle_verbs,True,True,False,False,303,-27.68592643737793,-26.714197158813477,0
Sherry wrote.,Sherry written.,morphology,irregular_forms,irregular_past_participle_verbs,True,True,False,False,304,-23.79543113708496,-25.863662719726562,1
The adults broke those computers.,The adults broken those computers.,morphology,irregular_forms,irregular_past_participle_verbs,True,True,False,False,305,-40.09020233154297,-40.872230529785156,1
Those cashiers broke a lot of carriages.,Those cashiers broken a lot of carriages.,morphology,irregular_forms,irregular_past_participle_verbs,True,True,False,False,306,-60.28630447387695,-62.77663040161133,1
Samantha wore those shawls.,Samantha worn those shawls.,morphology,irregular_forms,irregular_past_participle_verbs,True,True,False,False,307,-61.17333221435547,-64.46501159667969,1
Brian wore jackets.,Brian worn jackets.,morphology,irregular_forms,irregular_past_participle_verbs,True,True,False,False,308,-24.987228393554688,-26.020111083984375,1
Noah knew Maria.,Noah known Maria.,morphology,irregular_forms,irregular_past_participle_verbs,True,True,False,False,309,-32.89436340332031,-33.876068115234375,1
A lady wore that jacket.,A lady worn that jacket.,morphology,irregular_forms,irregular_past_participle_verbs,True,True,False,False,310,-38.59992980957031,-40.908485412597656,1
The children broke a carriage.,The children broken a carriage.,morphology,irregular_forms,irregular_past_participle_verbs,True,True,False,False,311,-34.237205505371094,-37.22502517700195,1
Margaret got a job.,Margaret gotten a job.,morphology,irregular_forms,irregular_past_participle_verbs,True,True,False,False,312,-30.997905731201172,-35.14996337890625,1
Victoria took this bike.,Victoria taken this bike.,morphology,irregular_forms,irregular_past_participle_verbs,True,True,False,False,313,-23.659887313842773,-27.0865478515625,1
Julia wore every glove.,Julia worn every glove.,morphology,irregular_forms,irregular_past_participle_verbs,True,True,False,False,314,-40.77492141723633,-42.77786636352539,1
Grace got fired.,Grace gotten fired.,morphology,irregular_forms,irregular_past_participle_verbs,True,True,False,False,315,-30.57598876953125,-34.01093292236328,1
Kayla drank.,Kayla drunk.,morphology,irregular_forms,irregular_past_participle_verbs,True,True,False,False,316,-24.883005142211914,-26.22632598876953,1
Mary came here.,Mary come here.,morphology,irregular_forms,irregular_past_participle_verbs,True,True,False,False,317,-18.24677085876465,-17.767175674438477,0
Samuel wore many pants.,Samuel worn many pants.,morphology,irregular_forms,irregular_past_participle_verbs,True,True,False,False,318,-40.2886962890625,-42.84372329711914,1
Tara hid those rabbits.,Tara hidden those rabbits.,morphology,irregular_forms,irregular_past_participle_verbs,True,True,False,False,319,-40.048187255859375,-40.207786560058594,1
Lawrence drove to every bank.,Lawrence driven to every bank.,morphology,irregular_forms,irregular_past_participle_verbs,True,True,False,False,320,-44.618896484375,-43.244144439697266,0
Nancy knew James.,Nancy known James.,morphology,irregular_forms,irregular_past_participle_verbs,True,True,False,False,321,-35.74985885620117,-35.800506591796875,1
Larry broke all convertibles.,Larry broken all convertibles.,morphology,irregular_forms,irregular_past_participle_verbs,True,True,False,False,322,-40.47046661376953,-43.44382858276367,1
This student got a job.,This student gotten a job.,morphology,irregular_forms,irregular_past_participle_verbs,True,True,False,False,323,-28.587066650390625,-31.298688888549805,1
Amy came here.,Amy come here.,morphology,irregular_forms,irregular_past_participle_verbs,True,True,False,False,324,-18.233089447021484,-16.824909210205078,0
Many drivers sang.,Many drivers sung.,morphology,irregular_forms,irregular_past_participle_verbs,True,True,False,False,325,-24.83133316040039,-24.94368553161621,1
Amelia got fired.,Amelia gotten fired.,morphology,irregular_forms,irregular_past_participle_verbs,True,True,False,False,326,-34.16288757324219,-38.34749221801758,1
The ice cream froze.,The ice cream frozen.,morphology,irregular_forms,irregular_past_participle_verbs,True,True,False,False,327,-30.100299835205078,-29.06967544555664,0
Wayne drove to some library.,Wayne driven to some library.,morphology,irregular_forms,irregular_past_participle_verbs,True,True,False,False,328,-39.609886169433594,-40.125091552734375,1
Some glasses shrank.,Some glasses shrunk.,morphology,irregular_forms,irregular_past_participle_verbs,True,True,False,False,329,-35.42562484741211,-29.196659088134766,0
Samantha woke up.,Samantha woken up.,morphology,irregular_forms,irregular_past_participle_verbs,True,True,False,False,330,-37.897735595703125,-49.070960998535156,1
Carl broke every wheelbarrow.,Carl broken every wheelbarrow.,morphology,irregular_forms,irregular_past_participle_verbs,True,True,False,False,331,-51.19447326660156,-53.303924560546875,1
Many sweaters shrank.,Many sweaters shrunk.,morphology,irregular_forms,irregular_past_participle_verbs,True,True,False,False,332,-41.27760314941406,-35.73345184326172,0
Sarah went fishing.,Sarah gone fishing.,morphology,irregular_forms,irregular_past_participle_verbs,True,True,False,False,333,-19.101831436157227,-24.1199951171875,1
Most fish broke a lot of mirrors.,Most fish broken a lot of mirrors.,morphology,irregular_forms,irregular_past_participle_verbs,True,True,False,False,334,-42.34225082397461,-43.526275634765625,1
Carla came here.,Carla come here.,morphology,irregular_forms,irregular_past_participle_verbs,True,True,False,False,335,-25.2736873626709,-25.52112579345703,1
Julie spoke up.,Julie spoken up.,morphology,irregular_forms,irregular_past_participle_verbs,True,True,False,False,336,-24.60601806640625,-28.80623435974121,1
Some river froze.,Some river frozen.,morphology,irregular_forms,irregular_past_participle_verbs,True,True,False,False,337,-25.415441513061523,-24.94384002685547,0
Phillip woke up.,Phillip woken up.,morphology,irregular_forms,irregular_past_participle_verbs,True,True,False,False,338,-25.92824935913086,-35.340980529785156,1
Diane got a job.,Diane gotten a job.,morphology,irregular_forms,irregular_past_participle_verbs,True,True,False,False,339,-32.0103759765625,-36.459197998046875,1
Aaron hid.,Aaron hidden.,morphology,irregular_forms,irregular_past_participle_verbs,True,True,False,False,340,-16.106914520263672,-13.229901313781738,0
Eva got fired.,Eva gotten fired.,morphology,irregular_forms,irregular_past_participle_verbs,True,True,False,False,341,-22.19439697265625,-25.98940658569336,1
The customer went fishing.,The customer gone fishing.,morphology,irregular_forms,irregular_past_participle_verbs,True,True,False,False,342,-31.283130645751953,-34.17854690551758,1
Amy hid the scarf.,Amy hidden the scarf.,morphology,irregular_forms,irregular_past_participle_verbs,True,True,False,False,343,-27.231002807617188,-27.029212951660156,0
Gerald wore some shawl.,Gerald worn some shawl.,morphology,irregular_forms,irregular_past_participle_verbs,True,True,False,False,344,-50.32026672363281,-54.149227142333984,1
The universities knew this cashier.,The universities known this cashier.,morphology,irregular_forms,irregular_past_participle_verbs,True,True,False,False,345,-45.80474090576172,-44.44774627685547,0
A lot of boys broke this truck.,A lot of boys broken this truck.,morphology,irregular_forms,irregular_past_participle_verbs,True,True,False,False,346,-47.81096649169922,-49.06217956542969,1
April got fired.,April gotten fired.,morphology,irregular_forms,irregular_past_participle_verbs,True,True,False,False,347,-22.503490447998047,-26.446269989013672,1
These blouses shrank.,These blouses shrunk.,morphology,irregular_forms,irregular_past_participle_verbs,True,True,False,False,348,-42.991519927978516,-38.45248031616211,0
The dress shrank.,The dress shrunk.,morphology,irregular_forms,irregular_past_participle_verbs,True,True,False,False,349,-34.7230110168457,-27.661746978759766,0
Carol drove to museums.,Carol driven to museums.,morphology,irregular_forms,irregular_past_participle_verbs,True,True,False,False,350,-33.37862014770508,-32.532867431640625,0
Leslie drove to every library.,Leslie driven to every library.,morphology,irregular_forms,irregular_past_participle_verbs,True,True,False,False,351,-42.642242431640625,-43.99941635131836,1
An apple went bad.,An apple gone bad.,morphology,irregular_forms,irregular_past_participle_verbs,True,True,False,False,352,-33.70302963256836,-34.94602966308594,1
An actor wore many skirts.,An actor worn many skirts.,morphology,irregular_forms,irregular_past_participle_verbs,True,True,False,False,353,-39.74549865722656,-43.27099609375,1
This waitress wore some shirt.,This waitress worn some shirt.,morphology,irregular_forms,irregular_past_participle_verbs,True,True,False,False,354,-41.30448913574219,-44.82067108154297,1
Tammy took some muffins.,Tammy taken some muffins.,morphology,irregular_forms,irregular_past_participle_verbs,True,True,False,False,355,-40.039485931396484,-42.25741195678711,1
Patrick took a spotlight.,Patrick taken a spotlight.,morphology,irregular_forms,irregular_past_participle_verbs,True,True,False,False,356,-22.850183486938477,-25.692331314086914,1
Customers knew Tracy.,Customers known Tracy.,morphology,irregular_forms,irregular_past_participle_verbs,True,True,False,False,357,-31.413957595825195,-31.347991943359375,0
Heather drove to this high school.,Heather driven to this high school.,morphology,irregular_forms,irregular_past_participle_verbs,True,True,False,False,358,-41.174373626708984,-40.996421813964844,0
Phillip broke windows.,Phillip broken windows.,morphology,irregular_forms,irregular_past_participle_verbs,True,True,False,False,359,-31.567968368530273,-29.785499572753906,0
Shirts shrank.,Shirts shrunk.,morphology,irregular_forms,irregular_past_participle_verbs,True,True,False,False,360,-34.78193283081055,-27.186134338378906,0
Winston Churchill woke up.,Winston Churchill woken up.,morphology,irregular_forms,irregular_past_participle_verbs,True,True,False,False,361,-40.22983932495117,-51.08210754394531,1
Connie broke some computer.,Connie broken some computer.,morphology,irregular_forms,irregular_past_participle_verbs,True,True,False,False,362,-39.84327697753906,-41.19345474243164,1
Alice drove to a high school.,Alice driven to a high school.,morphology,irregular_forms,irregular_past_participle_verbs,True,True,False,False,363,-27.54013442993164,-27.639554977416992,1
Catherine wore every sweater.,Catherine worn every sweater.,morphology,irregular_forms,irregular_past_participle_verbs,True,True,False,False,364,-44.19733428955078,-45.852134704589844,1
Omar forgot the men.,Omar forgotten the men.,morphology,irregular_forms,irregular_past_participle_verbs,True,True,False,False,365,-39.152366638183594,-37.5648307800293,0
The Impressionists forgot Tanya.,The Impressionists forgotten Tanya.,morphology,irregular_forms,irregular_past_participle_verbs,True,True,False,False,366,-59.965965270996094,-58.90100860595703,0
Joel drove to every hill.,Joel driven to every hill.,morphology,irregular_forms,irregular_past_participle_verbs,True,True,False,False,367,-42.91016387939453,-43.56147003173828,1
This doctor went fishing.,This doctor gone fishing.,morphology,irregular_forms,irregular_past_participle_verbs,True,True,False,False,368,-30.564254760742188,-33.738033294677734,1
Brett hid away.,Brett hidden away.,morphology,irregular_forms,irregular_past_participle_verbs,True,True,False,False,369,-32.45642852783203,-31.31566619873047,0
Rachel hid.,Rachel hidden.,morphology,irregular_forms,irregular_past_participle_verbs,True,True,False,False,370,-15.798189163208008,-14.14539623260498,0
That actor knew a lot of dancers.,That actor known a lot of dancers.,morphology,irregular_forms,irregular_past_participle_verbs,True,True,False,False,371,-39.31636047363281,-39.523521423339844,1
Lissa went to every school.,Lissa gone to every school.,morphology,irregular_forms,irregular_past_participle_verbs,True,True,False,False,372,-37.830833435058594,-43.40198516845703,1
Ice froze.,Ice frozen.,morphology,irregular_forms,irregular_past_participle_verbs,True,True,False,False,373,-15.804664611816406,-14.291692733764648,0
Robert went to those banks.,Robert gone to those banks.,morphology,irregular_forms,irregular_past_participle_verbs,True,True,False,False,374,-27.152484893798828,-31.326568603515625,1
The guest drank.,The guest drunk.,morphology,irregular_forms,irregular_past_participle_verbs,True,True,False,False,375,-25.645217895507812,-24.62053680419922,0
Sara drove to every cafe.,Sara driven to every cafe.,morphology,irregular_forms,irregular_past_participle_verbs,True,True,False,False,376,-42.68567657470703,-42.4342041015625,0
Ruth hid these skateboards.,Ruth hidden these skateboards.,morphology,irregular_forms,irregular_past_participle_verbs,True,True,False,False,377,-51.17539596557617,-50.85369110107422,0
Tamara forgot Kathleen.,Tamara forgotten Kathleen.,morphology,irregular_forms,irregular_past_participle_verbs,True,True,False,False,378,-37.10955047607422,-37.58935546875,1
Most cashiers hid many customers.,Most cashiers hidden many customers.,morphology,irregular_forms,irregular_past_participle_verbs,True,True,False,False,379,-51.9042854309082,-49.82703399658203,0
Debra broke many cups.,Debra broken many cups.,morphology,irregular_forms,irregular_past_participle_verbs,True,True,False,False,380,-37.875244140625,-39.524898529052734,1
These cashiers sang.,These cashiers sung.,morphology,irregular_forms,irregular_past_participle_verbs,True,True,False,False,381,-38.571502685546875,-38.40489196777344,0
Every hamster hid.,Every hamster hidden.,morphology,irregular_forms,irregular_past_participle_verbs,True,True,False,False,382,-37.27006530761719,-33.65829849243164,0
Karen broke all bicycles.,Karen broken all bicycles.,morphology,irregular_forms,irregular_past_participle_verbs,True,True,False,False,383,-40.4041748046875,-43.78617477416992,1
Danielle drove to Spain.,Danielle driven to Spain.,morphology,irregular_forms,irregular_past_participle_verbs,True,True,False,False,384,-29.783092498779297,-30.4362850189209,1
Rodney wore this shoe.,Rodney worn this shoe.,morphology,irregular_forms,irregular_past_participle_verbs,True,True,False,False,385,-35.91065979003906,-37.65971374511719,1
Larry got fired.,Larry gotten fired.,morphology,irregular_forms,irregular_past_participle_verbs,True,True,False,False,386,-20.77654266357422,-25.649045944213867,1
Derek drank.,Derek drunk.,morphology,irregular_forms,irregular_past_participle_verbs,True,True,False,False,387,-28.836502075195312,-29.50145149230957,1
Kimberley spoke up.,Kimberley spoken up.,morphology,irregular_forms,irregular_past_participle_verbs,True,True,False,False,388,-34.481239318847656,-38.478309631347656,1
Lisa got a job.,Lisa gotten a job.,morphology,irregular_forms,irregular_past_participle_verbs,True,True,False,False,389,-19.339008331298828,-23.816436767578125,1
Heather drove to that lake.,Heather driven to that lake.,morphology,irregular_forms,irregular_past_participle_verbs,True,True,False,False,390,-45.078453063964844,-45.46131134033203,1
Many guys forgot Anna.,Many guys forgotten Anna.,morphology,irregular_forms,irregular_past_participle_verbs,True,True,False,False,391,-32.169097900390625,-32.910491943359375,1
A lot of cashiers sang.,A lot of cashiers sung.,morphology,irregular_forms,irregular_past_participle_verbs,True,True,False,False,392,-48.40943908691406,-48.35039520263672,0
Women got a job.,Women gotten a job.,morphology,irregular_forms,irregular_past_participle_verbs,True,True,False,False,393,-18.97602081298828,-23.52874183654785,1
Some actress broke that dish.,Some actress broken that dish.,morphology,irregular_forms,irregular_past_participle_verbs,True,True,False,False,394,-37.63026428222656,-40.192115783691406,1
Every shirt shrank.,Every shirt shrunk.,morphology,irregular_forms,irregular_past_participle_verbs,True,True,False,False,395,-34.7264289855957,-28.329689025878906,0
Some icicles froze.,Some icicles frozen.,morphology,irregular_forms,irregular_past_participle_verbs,True,True,False,False,396,-40.82782745361328,-40.246944427490234,0
Kathleen sang.,Kathleen sung.,morphology,irregular_forms,irregular_past_participle_verbs,True,True,False,False,397,-31.327903747558594,-32.35844421386719,1
Wendy wore this blouse.,Wendy worn this blouse.,morphology,irregular_forms,irregular_past_participle_verbs,True,True,False,False,398,-46.619903564453125,-48.098716735839844,1
Catherine forgot Bill.,Catherine forgotten Bill.,morphology,irregular_forms,irregular_past_participle_verbs,True,True,False,False,399,-38.176631927490234,-38.50124740600586,1
Some girl broke a fork.,Some girl broken a fork.,morphology,irregular_forms,irregular_past_participle_verbs,True,True,False,False,400,-33.00225830078125,-35.075767517089844,1
Wayne broke most bicycles.,Wayne broken most bicycles.,morphology,irregular_forms,irregular_past_participle_verbs,True,True,False,False,401,-38.559417724609375,-40.932804107666016,1
Jackets shrank.,Jackets shrunk.,morphology,irregular_forms,irregular_past_participle_verbs,True,True,False,False,402,-33.429786682128906,-26.826946258544922,0
Ann knew Helen.,Ann known Helen.,morphology,irregular_forms,irregular_past_participle_verbs,True,True,False,False,403,-24.527240753173828,-24.02580451965332,0
Debra broke the bicycle.,Debra broken the bicycle.,morphology,irregular_forms,irregular_past_participle_verbs,True,True,False,False,404,-33.17948532104492,-35.92041778564453,1
Many gloves shrank.,Many gloves shrunk.,morphology,irregular_forms,irregular_past_participle_verbs,True,True,False,False,405,-37.642696380615234,-32.11703109741211,0
Steve broke that couch.,Steve broken that couch.,morphology,irregular_forms,irregular_past_participle_verbs,True,True,False,False,406,-29.625425338745117,-32.03137969970703,1
Dana got fired.,Dana gotten fired.,morphology,irregular_forms,irregular_past_participle_verbs,True,True,False,False,407,-32.07844543457031,-36.19464111328125,1
Most fish broke this dish.,Most fish broken this dish.,morphology,irregular_forms,irregular_past_participle_verbs,True,True,False,False,408,-35.4693489074707,-36.242958068847656,1
Carlos drank.,Carlos drunk.,morphology,irregular_forms,irregular_past_participle_verbs,True,True,False,False,409,-23.16452407836914,-23.66259765625,1
Ruth knew Alexander.,Ruth known Alexander.,morphology,irregular_forms,irregular_past_participle_verbs,True,True,False,False,410,-34.064666748046875,-33.469818115234375,0
Grace hid.,Grace hidden.,morphology,irregular_forms,irregular_past_participle_verbs,True,True,False,False,411,-24.793798446655273,-21.7684383392334,0
Elaine came here.,Elaine come here.,morphology,irregular_forms,irregular_past_participle_verbs,True,True,False,False,412,-26.36505889892578,-26.589805603027344,1
Colleen hid away.,Colleen hidden away.,morphology,irregular_forms,irregular_past_participle_verbs,True,True,False,False,413,-30.035072326660156,-30.626813888549805,1
Some mushroom went bad.,Some mushroom gone bad.,morphology,irregular_forms,irregular_past_participle_verbs,True,True,False,False,414,-34.014347076416016,-35.880340576171875,1
Amanda drove to this college campus.,Amanda driven to this college campus.,morphology,irregular_forms,irregular_past_participle_verbs,True,True,False,False,415,-46.844482421875,-48.064632415771484,1
Sherry hid the art gallery.,Sherry hidden the art gallery.,morphology,irregular_forms,irregular_past_participle_verbs,True,True,False,False,416,-45.881431579589844,-46.323612213134766,1
Omar hid away.,Omar hidden away.,morphology,irregular_forms,irregular_past_participle_verbs,True,True,False,False,417,-30.238567352294922,-31.6754150390625,1
A lot of fish broke some wheelbarrows.,A lot of fish broken some wheelbarrows.,morphology,irregular_forms,irregular_past_participle_verbs,True,True,False,False,418,-68.5433349609375,-70.46022033691406,1
Actresses wrote.,Actresses written.,morphology,irregular_forms,irregular_past_participle_verbs,True,True,False,False,419,-23.901256561279297,-24.4681339263916,1
Benjamin wore some shawls.,Benjamin worn some shawls.,morphology,irregular_forms,irregular_past_participle_verbs,True,True,False,False,420,-53.35862731933594,-57.18712615966797,1
Teresa knew Guy.,Teresa known Guy.,morphology,irregular_forms,irregular_past_participle_verbs,True,True,False,False,421,-39.35088348388672,-38.3724479675293,0
Women spoke up.,Women spoken up.,morphology,irregular_forms,irregular_past_participle_verbs,True,True,False,False,422,-16.767662048339844,-20.885669708251953,1
Katherine knew Roger.,Katherine known Roger.,morphology,irregular_forms,irregular_past_participle_verbs,True,True,False,False,423,-37.46197509765625,-37.39519500732422,0
Women went to this museum.,Women gone to this museum.,morphology,irregular_forms,irregular_past_participle_verbs,True,True,False,False,424,-25.69883918762207,-29.96262550354004,1
Jane went fishing.,Jane gone fishing.,morphology,irregular_forms,irregular_past_participle_verbs,True,True,False,False,425,-18.999454498291016,-24.262752532958984,1
Naomi drove to most art galleries.,Naomi driven to most art galleries.,morphology,irregular_forms,irregular_past_participle_verbs,True,True,False,False,426,-53.324249267578125,-53.80961990356445,1
Brett wrote.,Brett written.,morphology,irregular_forms,irregular_past_participle_verbs,True,True,False,False,427,-24.22037124633789,-24.78089141845703,1
Samuel drove to some cafe.,Samuel driven to some cafe.,morphology,irregular_forms,irregular_past_participle_verbs,True,True,False,False,428,-43.81476593017578,-45.088348388671875,1
Cilantro went bad.,Cilantro gone bad.,morphology,irregular_forms,irregular_past_participle_verbs,True,True,False,False,429,-35.33797836303711,-37.012107849121094,1
Marla forgot Donna.,Marla forgotten Donna.,morphology,irregular_forms,irregular_past_participle_verbs,True,True,False,False,430,-38.065372467041016,-38.026336669921875,0
Christina wore some blouse.,Christina worn some blouse.,morphology,irregular_forms,irregular_past_participle_verbs,True,True,False,False,431,-39.8082389831543,-43.383365631103516,1
Marcus went fishing.,Marcus gone fishing.,morphology,irregular_forms,irregular_past_participle_verbs,True,True,False,False,432,-19.432819366455078,-24.060626983642578,1
Heather wrote.,Heather written.,morphology,irregular_forms,irregular_past_participle_verbs,True,True,False,False,433,-21.877971649169922,-23.324724197387695,1
Joseph went fishing.,Joseph gone fishing.,morphology,irregular_forms,irregular_past_participle_verbs,True,True,False,False,434,-19.103195190429688,-23.270999908447266,1
Jodi hid.,Jodi hidden.,morphology,irregular_forms,irregular_past_participle_verbs,True,True,False,False,435,-26.77715492248535,-24.361045837402344,0
Many actresses got fired.,Many actresses gotten fired.,morphology,irregular_forms,irregular_past_participle_verbs,True,True,False,False,436,-33.59149169921875,-37.36945343017578,1
Cheryl hid many lights.,Cheryl hidden many lights.,morphology,irregular_forms,irregular_past_participle_verbs,True,True,False,False,437,-52.13029861450195,-51.71276092529297,0
Most students broke most dishes.,Most students broken most dishes.,morphology,irregular_forms,irregular_past_participle_verbs,True,True,False,False,438,-38.87483215332031,-40.44969940185547,1
Chad went to all rivers.,Chad gone to all rivers.,morphology,irregular_forms,irregular_past_participle_verbs,True,True,False,False,439,-36.15252685546875,-41.17559814453125,1
Samantha went to many closets.,Samantha gone to many closets.,morphology,irregular_forms,irregular_past_participle_verbs,True,True,False,False,440,-55.57671356201172,-60.071136474609375,1
Samuel came here.,Samuel come here.,morphology,irregular_forms,irregular_past_participle_verbs,True,True,False,False,441,-25.98776626586914,-26.463525772094727,1
These patients drove to every cafe.,These patients driven to every cafe.,morphology,irregular_forms,irregular_past_participle_verbs,True,True,False,False,442,-42.334312438964844,-40.58348846435547,0
Julie drove to some schools.,Julie driven to some schools.,morphology,irregular_forms,irregular_past_participle_verbs,True,True,False,False,443,-37.30244827270508,-38.46942901611328,1
Walter wore many blouses.,Walter worn many blouses.,morphology,irregular_forms,irregular_past_participle_verbs,True,True,False,False,444,-44.84262466430664,-46.823368072509766,1
Most teenagers wrote.,Most teenagers written.,morphology,irregular_forms,irregular_past_participle_verbs,True,True,False,False,445,-23.76205825805664,-24.659332275390625,1
Christina drove to banks.,Christina driven to banks.,morphology,irregular_forms,irregular_past_participle_verbs,True,True,False,False,446,-32.73991012573242,-32.31874084472656,0
Kathleen woke up.,Kathleen woken up.,morphology,irregular_forms,irregular_past_participle_verbs,True,True,False,False,447,-34.049495697021484,-45.18549728393555,1
Every sock shrank.,Every sock shrunk.,morphology,irregular_forms,irregular_past_participle_verbs,True,True,False,False,448,-35.12202072143555,-28.177932739257812,0
Cheryl forgot a boy.,Cheryl forgotten a boy.,morphology,irregular_forms,irregular_past_participle_verbs,True,True,False,False,449,-48.35416030883789,-48.051414489746094,0
Waitresses knew Vincent.,Waitresses known Vincent.,morphology,irregular_forms,irregular_past_participle_verbs,True,True,False,False,450,-39.276084899902344,-37.59759521484375,0
Mark wore every skirt.,Mark worn every skirt.,morphology,irregular_forms,irregular_past_participle_verbs,True,True,False,False,451,-31.001827239990234,-31.88446617126465,1
Steven wore all shirts.,Steven worn all shirts.,morphology,irregular_forms,irregular_past_participle_verbs,True,True,False,False,452,-29.705543518066406,-31.502857208251953,1
Richard wore every coat.,Richard worn every coat.,morphology,irregular_forms,irregular_past_participle_verbs,True,True,False,False,453,-30.782215118408203,-32.35472106933594,1
Joel hid away.,Joel hidden away.,morphology,irregular_forms,irregular_past_participle_verbs,True,True,False,False,454,-28.20199966430664,-29.474285125732422,1
Sara hid away.,Sara hidden away.,morphology,irregular_forms,irregular_past_participle_verbs,True,True,False,False,455,-28.30288314819336,-28.423294067382812,1
Diana drank.,Diana drunk.,morphology,irregular_forms,irregular_past_participle_verbs,True,True,False,False,456,-26.233020782470703,-27.782001495361328,1
All pedestrians hid Omar.,All pedestrians hidden Omar.,morphology,irregular_forms,irregular_past_participle_verbs,True,True,False,False,457,-42.2438850402832,-41.16596221923828,0
Rose forgot Vanessa.,Rose forgotten Vanessa.,morphology,irregular_forms,irregular_past_participle_verbs,True,True,False,False,458,-30.160629272460938,-28.720596313476562,0
John knew Stephen.,John known Stephen.,morphology,irregular_forms,irregular_past_participle_verbs,True,True,False,False,459,-21.969242095947266,-23.731990814208984,1
Katherine hid.,Katherine hidden.,morphology,irregular_forms,irregular_past_participle_verbs,True,True,False,False,460,-25.929428100585938,-24.085861206054688,0
A waiter hid that cucumber.,A waiter hidden that cucumber.,morphology,irregular_forms,irregular_past_participle_verbs,True,True,False,False,461,-52.44855499267578,-50.36964416503906,0
Emily hid many windows.,Emily hidden many windows.,morphology,irregular_forms,irregular_past_participle_verbs,True,True,False,False,462,-32.44932556152344,-30.78873062133789,0
Hamsters came here.,Hamsters come here.,morphology,irregular_forms,irregular_past_participle_verbs,True,True,False,False,463,-27.71137237548828,-24.421092987060547,0
Sally wore that sock.,Sally worn that sock.,morphology,irregular_forms,irregular_past_participle_verbs,True,True,False,False,464,-42.1512451171875,-42.84608459472656,1
Nina drank.,Nina drunk.,morphology,irregular_forms,irregular_past_participle_verbs,True,True,False,False,465,-24.307008743286133,-24.126564025878906,0
This lady went fishing.,This lady gone fishing.,morphology,irregular_forms,irregular_past_participle_verbs,True,True,False,False,466,-29.109867095947266,-32.643463134765625,1
William got fired.,William gotten fired.,morphology,irregular_forms,irregular_past_participle_verbs,True,True,False,False,467,-20.71880340576172,-23.727930068969727,1
Marie forgot Eric.,Marie forgotten Eric.,morphology,irregular_forms,irregular_past_participle_verbs,True,True,False,False,468,-26.990320205688477,-27.985931396484375,1
Dan went fishing.,Dan gone fishing.,morphology,irregular_forms,irregular_past_participle_verbs,True,True,False,False,469,-19.357261657714844,-24.193891525268555,1
Keith got a job.,Keith gotten a job.,morphology,irregular_forms,irregular_past_participle_verbs,True,True,False,False,470,-19.545047760009766,-23.870262145996094,1
Scott forgot Jodi.,Scott forgotten Jodi.,morphology,irregular_forms,irregular_past_participle_verbs,True,True,False,False,471,-32.089263916015625,-33.30486297607422,1
Judy forgot Anna.,Judy forgotten Anna.,morphology,irregular_forms,irregular_past_participle_verbs,True,True,False,False,472,-33.90766906738281,-33.66277313232422,0
Allison knew Walter.,Allison known Walter.,morphology,irregular_forms,irregular_past_participle_verbs,True,True,False,False,473,-35.84259033203125,-36.290184020996094,1
Some cashiers wrote.,Some cashiers written.,morphology,irregular_forms,irregular_past_participle_verbs,True,True,False,False,474,-36.30504608154297,-36.831077575683594,1
Ice cream froze.,Ice cream frozen.,morphology,irregular_forms,irregular_past_participle_verbs,True,True,False,False,475,-24.64107322692871,-23.602556228637695,0
Katherine spoke up.,Katherine spoken up.,morphology,irregular_forms,irregular_past_participle_verbs,True,True,False,False,476,-29.52149772644043,-32.441349029541016,1
Dana broke this plane.,Dana broken this plane.,morphology,irregular_forms,irregular_past_participle_verbs,True,True,False,False,477,-36.07038879394531,-37.96088790893555,1
Many ladies drove to some closet.,Many ladies driven to some closet.,morphology,irregular_forms,irregular_past_participle_verbs,True,True,False,False,478,-41.92396545410156,-42.96886444091797,1
Some doctors sang.,Some doctors sung.,morphology,irregular_forms,irregular_past_participle_verbs,True,True,False,False,479,-23.78380584716797,-23.98897361755371,1
Irene went to that public park.,Irene gone to that public park.,morphology,irregular_forms,irregular_past_participle_verbs,True,True,False,False,480,-49.849788665771484,-53.60544204711914,1
Many senators went to all closets.,Many senators gone to all closets.,morphology,irregular_forms,irregular_past_participle_verbs,True,True,False,False,481,-44.87248611450195,-47.8441047668457,1
That customer woke up.,That customer woken up.,morphology,irregular_forms,irregular_past_participle_verbs,True,True,False,False,482,-25.46747398376465,-37.97923278808594,1
Christine drank.,Christine drunk.,morphology,irregular_forms,irregular_past_participle_verbs,True,True,False,False,483,-24.150039672851562,-24.630088806152344,1
Every scarf shrank.,Every scarf shrunk.,morphology,irregular_forms,irregular_past_participle_verbs,True,True,False,False,484,-36.224727630615234,-28.2640438079834,0
Emily drank.,Emily drunk.,morphology,irregular_forms,irregular_past_participle_verbs,True,True,False,False,485,-16.433006286621094,-17.029050827026367,1
Maria wrote.,Maria written.,morphology,irregular_forms,irregular_past_participle_verbs,True,True,False,False,486,-11.451549530029297,-14.17498779296875,1
Holly hid Tiffany.,Holly hidden Tiffany.,morphology,irregular_forms,irregular_past_participle_verbs,True,True,False,False,487,-40.20354461669922,-38.88908386230469,0
These women took the sketches.,These women taken the sketches.,morphology,irregular_forms,irregular_past_participle_verbs,True,True,False,False,488,-32.92535400390625,-35.49700927734375,1
Raymond went to that school.,Raymond gone to that school.,morphology,irregular_forms,irregular_past_participle_verbs,True,True,False,False,489,-39.15860366821289,-45.02397918701172,1
Gregory spoke up.,Gregory spoken up.,morphology,irregular_forms,irregular_past_participle_verbs,True,True,False,False,490,-28.31222915649414,-31.780033111572266,1
Many governments knew a lot of guests.,Many governments known a lot of guests.,morphology,irregular_forms,irregular_past_participle_verbs,True,True,False,False,491,-39.72543716430664,-40.44565963745117,1
Sabrina got a job.,Sabrina gotten a job.,morphology,irregular_forms,irregular_past_participle_verbs,True,True,False,False,492,-29.92510986328125,-34.27496337890625,1
The Borgias broke a screen.,The Borgias broken a screen.,morphology,irregular_forms,irregular_past_participle_verbs,True,True,False,False,493,-46.64455795288086,-49.49256134033203,1
Michelle forgot Linda.,Michelle forgotten Linda.,morphology,irregular_forms,irregular_past_participle_verbs,True,True,False,False,494,-29.031532287597656,-28.418296813964844,0
Stacy broke some plates.,Stacy broken some plates.,morphology,irregular_forms,irregular_past_participle_verbs,True,True,False,False,495,-40.71678924560547,-43.47876739501953,1
Samuel went to the art galleries.,Samuel gone to the art galleries.,morphology,irregular_forms,irregular_past_participle_verbs,True,True,False,False,496,-42.1995849609375,-46.19140625,1
Holly broke the computer.,Holly broken the computer.,morphology,irregular_forms,irregular_past_participle_verbs,True,True,False,False,497,-35.272010803222656,-37.7765998840332,1
Michael broke some plate.,Michael broken some plate.,morphology,irregular_forms,irregular_past_participle_verbs,True,True,False,False,498,-26.851154327392578,-29.224491119384766,1
Connie broke the cart.,Connie broken the cart.,morphology,irregular_forms,irregular_past_participle_verbs,True,True,False,False,499,-37.43667984008789,-39.5107421875,1
Those students knew Rachel.,Those students known Rachel.,morphology,irregular_forms,irregular_past_participle_verbs,True,True,False,False,500,-28.290058135986328,-28.998355865478516,1
Lisa forgot Brian.,Lisa forgotten Brian.,morphology,irregular_forms,irregular_past_participle_verbs,True,True,False,False,501,-27.2388916015625,-26.88873291015625,0
Some actor went to some library.,Some actor gone to some library.,morphology,irregular_forms,irregular_past_participle_verbs,True,True,False,False,502,-37.466793060302734,-42.14311599731445,1
Marie got a job.,Marie gotten a job.,morphology,irregular_forms,irregular_past_participle_verbs,True,True,False,False,503,-19.962081909179688,-24.510009765625,1
Carolyn broke many cups.,Carolyn broken many cups.,morphology,irregular_forms,irregular_past_participle_verbs,True,True,False,False,504,-42.610965728759766,-43.844886779785156,1
The Impressionists sang.,The Impressionists sung.,morphology,irregular_forms,irregular_past_participle_verbs,True,True,False,False,505,-42.199405670166016,-42.13349914550781,0
Some actor spoke up.,Some actor spoken up.,morphology,irregular_forms,irregular_past_participle_verbs,True,True,False,False,506,-27.353404998779297,-30.552120208740234,1
Tonya hid Derek.,Tonya hidden Derek.,morphology,irregular_forms,irregular_past_participle_verbs,True,True,False,False,507,-34.729652404785156,-35.155906677246094,1
All women hid away.,All women hidden away.,morphology,irregular_forms,irregular_past_participle_verbs,True,True,False,False,508,-29.39236068725586,-29.527587890625,1
Every museum took a lot of turtles.,Every museum taken a lot of turtles.,morphology,irregular_forms,irregular_past_participle_verbs,True,True,False,False,509,-40.13263702392578,-42.79367446899414,1
Regina hid.,Regina hidden.,morphology,irregular_forms,irregular_past_participle_verbs,True,True,False,False,510,-24.775915145874023,-23.096790313720703,0
Linda wore the shirts.,Linda worn the shirts.,morphology,irregular_forms,irregular_past_participle_verbs,True,True,False,False,511,-37.44081115722656,-39.52942657470703,1
Eric got a job.,Eric gotten a job.,morphology,irregular_forms,irregular_past_participle_verbs,True,True,False,False,512,-19.09781265258789,-23.472415924072266,1
Claire wore these socks.,Claire worn these socks.,morphology,irregular_forms,irregular_past_participle_verbs,True,True,False,False,513,-39.27734375,-41.21111297607422,1
These girls hid Karen.,These girls hidden Karen.,morphology,irregular_forms,irregular_past_participle_verbs,True,True,False,False,514,-35.705753326416016,-35.05082702636719,0
Stephanie forgot Rachelle.,Stephanie forgotten Rachelle.,morphology,irregular_forms,irregular_past_participle_verbs,True,True,False,False,515,-50.213314056396484,-50.376197814941406,1
Every senator came here.,Every senator come here.,morphology,irregular_forms,irregular_past_participle_verbs,True,True,False,False,516,-29.413923263549805,-29.09749412536621,0
Some fish hid.,Some fish hidden.,morphology,irregular_forms,irregular_past_participle_verbs,True,True,False,False,517,-26.402347564697266,-23.465251922607422,0
Many lakes froze.,Many lakes frozen.,morphology,irregular_forms,irregular_past_participle_verbs,True,True,False,False,518,-28.422950744628906,-27.324626922607422,0
Rachelle hid Gerald.,Rachelle hidden Gerald.,morphology,irregular_forms,irregular_past_participle_verbs,True,True,False,False,519,-37.053367614746094,-37.40081024169922,1
Peter got a job.,Peter gotten a job.,morphology,irregular_forms,irregular_past_participle_verbs,True,True,False,False,520,-20.087722778320312,-23.7652587890625,1
Most icicles froze.,Most icicles frozen.,morphology,irregular_forms,irregular_past_participle_verbs,True,True,False,False,521,-39.66206359863281,-38.76507568359375,0
Rodney ate.,Rodney eaten.,morphology,irregular_forms,irregular_past_participle_verbs,True,True,False,False,522,-23.53296661376953,-25.123502731323242,1
Kirsten wore shawls.,Kirsten worn shawls.,morphology,irregular_forms,irregular_past_participle_verbs,True,True,False,False,523,-50.31697082519531,-51.574745178222656,1
Regina woke up.,Regina woken up.,morphology,irregular_forms,irregular_past_participle_verbs,True,True,False,False,524,-25.269296646118164,-37.11309814453125,1
A cashier took these boxes.,A cashier taken these boxes.,morphology,irregular_forms,irregular_past_participle_verbs,True,True,False,False,525,-50.20161056518555,-50.262107849121094,1
Maria got a job.,Maria gotten a job.,morphology,irregular_forms,irregular_past_participle_verbs,True,True,False,False,526,-18.685741424560547,-22.98139190673828,1
Michelle wore many skirts.,Michelle worn many skirts.,morphology,irregular_forms,irregular_past_participle_verbs,True,True,False,False,527,-32.6120719909668,-35.16389465332031,1
Janice wore that blouse.,Janice worn that blouse.,morphology,irregular_forms,irregular_past_participle_verbs,True,True,False,False,528,-43.395355224609375,-44.82323455810547,1
Mark got a job.,Mark gotten a job.,morphology,irregular_forms,irregular_past_participle_verbs,True,True,False,False,529,-19.992141723632812,-24.56320571899414,1
Heather took the turtle.,Heather taken the turtle.,morphology,irregular_forms,irregular_past_participle_verbs,True,True,False,False,530,-35.45085525512695,-36.46548843383789,1
Debra drove to most hospitals.,Debra driven to most hospitals.,morphology,irregular_forms,irregular_past_participle_verbs,True,True,False,False,531,-39.592918395996094,-38.55475616455078,0
Catherine wore this shawl.,Catherine worn this shawl.,morphology,irregular_forms,irregular_past_participle_verbs,True,True,False,False,532,-51.39340591430664,-53.05953598022461,1
Heather drank.,Heather drunk.,morphology,irregular_forms,irregular_past_participle_verbs,True,True,False,False,533,-26.272998809814453,-26.287813186645508,1
Edward forgot Patricia.,Edward forgotten Patricia.,morphology,irregular_forms,irregular_past_participle_verbs,True,True,False,False,534,-27.008331298828125,-26.70644760131836,0
A lot of peppers went bad.,A lot of peppers gone bad.,morphology,irregular_forms,irregular_past_participle_verbs,True,True,False,False,535,-45.48497009277344,-45.90180969238281,1
Patricia drove to a restaurant.,Patricia driven to a restaurant.,morphology,irregular_forms,irregular_past_participle_verbs,True,True,False,False,536,-38.19597244262695,-39.23235321044922,1
Guests ate.,Guests eaten.,morphology,irregular_forms,irregular_past_participle_verbs,True,True,False,False,537,-25.154186248779297,-25.718215942382812,1
Brenda got fired.,Brenda gotten fired.,morphology,irregular_forms,irregular_past_participle_verbs,True,True,False,False,538,-26.130104064941406,-29.624853134155273,1
Kendra knew this customer.,Kendra known this customer.,morphology,irregular_forms,irregular_past_participle_verbs,True,True,False,False,539,-37.36770248413086,-37.696189880371094,1
An actress went to these malls.,An actress gone to these malls.,morphology,irregular_forms,irregular_past_participle_verbs,True,True,False,False,540,-40.94575500488281,-46.03730010986328,1
Catherine took a popsicle.,Catherine taken a popsicle.,morphology,irregular_forms,irregular_past_participle_verbs,True,True,False,False,541,-52.03193283081055,-53.08887481689453,1
A lot of customers ate.,A lot of customers eaten.,morphology,irregular_forms,irregular_past_participle_verbs,True,True,False,False,542,-32.36314392089844,-32.527374267578125,1
The drivers hid.,The drivers hidden.,morphology,irregular_forms,irregular_past_participle_verbs,True,True,False,False,543,-26.955890655517578,-23.227365493774414,0
The Borgias hid this snake.,The Borgias hidden this snake.,morphology,irregular_forms,irregular_past_participle_verbs,True,True,False,False,544,-53.25007629394531,-52.974212646484375,0
Rhonda ate.,Rhonda eaten.,morphology,irregular_forms,irregular_past_participle_verbs,True,True,False,False,545,-27.215410232543945,-28.41045379638672,1
Adam knew Rodney.,Adam known Rodney.,morphology,irregular_forms,irregular_past_participle_verbs,True,True,False,False,546,-25.16222381591797,-23.434743881225586,0
A lot of ladies hid Todd.,A lot of ladies hidden Todd.,morphology,irregular_forms,irregular_past_participle_verbs,True,True,False,False,547,-48.72041702270508,-48.700767517089844,0
Frank broke those planes.,Frank broken those planes.,morphology,irregular_forms,irregular_past_participle_verbs,True,True,False,False,548,-29.601715087890625,-31.050033569335938,1
The guests ate.,The guests eaten.,morphology,irregular_forms,irregular_past_participle_verbs,True,True,False,False,549,-25.003311157226562,-26.24032211303711,1
These patients wore socks.,These patients worn socks.,morphology,irregular_forms,irregular_past_participle_verbs,True,True,False,False,550,-33.19427490234375,-34.00715637207031,1
Most hats shrank.,Most hats shrunk.,morphology,irregular_forms,irregular_past_participle_verbs,True,True,False,False,551,-36.77315139770508,-29.46442985534668,0
Douglas sang.,Douglas sung.,morphology,irregular_forms,irregular_past_participle_verbs,True,True,False,False,552,-27.40056800842285,-27.727313995361328,1
All horses came here.,All horses come here.,morphology,irregular_forms,irregular_past_participle_verbs,True,True,False,False,553,-28.23474884033203,-27.24063491821289,0
Gerald went to all libraries.,Gerald gone to all libraries.,morphology,irregular_forms,irregular_past_participle_verbs,True,True,False,False,554,-40.53322982788086,-44.6670036315918,1
Tiffany went fishing.,Tiffany gone fishing.,morphology,irregular_forms,irregular_past_participle_verbs,True,True,False,False,555,-38.02855682373047,-42.72484588623047,1
Tina went to that hill.,Tina gone to that hill.,morphology,irregular_forms,irregular_past_participle_verbs,True,True,False,False,556,-38.04559326171875,-43.805137634277344,1
The actor sang.,The actor sung.,morphology,irregular_forms,irregular_past_participle_verbs,True,True,False,False,557,-22.73969268798828,-23.690134048461914,1
Nina knew Winston Churchill.,Nina known Winston Churchill.,morphology,irregular_forms,irregular_past_participle_verbs,True,True,False,False,558,-41.55438232421875,-41.89445114135742,1
The drivers broke this unicycle.,The drivers broken this unicycle.,morphology,irregular_forms,irregular_past_participle_verbs,True,True,False,False,559,-49.21656799316406,-50.329612731933594,1
Derek went to those libraries.,Derek gone to those libraries.,morphology,irregular_forms,irregular_past_participle_verbs,True,True,False,False,560,-42.27765655517578,-46.51704788208008,1
Many teachers spoke up.,Many teachers spoken up.,morphology,irregular_forms,irregular_past_participle_verbs,True,True,False,False,561,-25.84140396118164,-28.716508865356445,1
That cilantro went bad.,That cilantro gone bad.,morphology,irregular_forms,irregular_past_participle_verbs,True,True,False,False,562,-39.97528839111328,-40.77696990966797,1
Nancy took that skateboard.,Nancy taken that skateboard.,morphology,irregular_forms,irregular_past_participle_verbs,True,True,False,False,563,-43.47334289550781,-45.26575469970703,1
Steven broke this mirror.,Steven broken this mirror.,morphology,irregular_forms,irregular_past_participle_verbs,True,True,False,False,564,-26.055456161499023,-28.826812744140625,1
Barbara woke up.,Barbara woken up.,morphology,irregular_forms,irregular_past_participle_verbs,True,True,False,False,565,-28.135156631469727,-39.63286590576172,1
The Lutherans wore many pants.,The Lutherans worn many pants.,morphology,irregular_forms,irregular_past_participle_verbs,True,True,False,False,566,-48.6381950378418,-51.89371109008789,1
Adults broke this computer.,Adults broken this computer.,morphology,irregular_forms,irregular_past_participle_verbs,True,True,False,False,567,-38.943180084228516,-39.786312103271484,1
The Borgias got fired.,The Borgias gotten fired.,morphology,irregular_forms,irregular_past_participle_verbs,True,True,False,False,568,-43.916072845458984,-48.11272430419922,1
These socks shrank.,These socks shrunk.,morphology,irregular_forms,irregular_past_participle_verbs,True,True,False,False,569,-36.81768035888672,-28.881759643554688,0
Noah drank.,Noah drunk.,morphology,irregular_forms,irregular_past_participle_verbs,True,True,False,False,570,-25.5439453125,-26.30093765258789,1
Julia forgot Raymond.,Julia forgotten Raymond.,morphology,irregular_forms,irregular_past_participle_verbs,True,True,False,False,571,-38.59817123413086,-39.886627197265625,1
This ice cream froze.,This ice cream frozen.,morphology,irregular_forms,irregular_past_participle_verbs,True,True,False,False,572,-30.19906997680664,-29.11089515686035,0
A lot of senators drank.,A lot of senators drunk.,morphology,irregular_forms,irregular_past_participle_verbs,True,True,False,False,573,-38.544281005859375,-39.54981231689453,1
Dennis knew Tracy.,Dennis known Tracy.,morphology,irregular_forms,irregular_past_participle_verbs,True,True,False,False,574,-37.045291900634766,-37.13457107543945,1
Carla hid the book.,Carla hidden the book.,morphology,irregular_forms,irregular_past_participle_verbs,True,True,False,False,575,-33.97314453125,-34.68278503417969,1
Brenda went to every college campus.,Brenda gone to every college campus.,morphology,irregular_forms,irregular_past_participle_verbs,True,True,False,False,576,-39.66938781738281,-44.577964782714844,1
Michael drank.,Michael drunk.,morphology,irregular_forms,irregular_past_participle_verbs,True,True,False,False,577,-14.94334888458252,-15.638279914855957,1
Michael ate.,Michael eaten.,morphology,irregular_forms,irregular_past_participle_verbs,True,True,False,False,578,-14.09445571899414,-15.206307411193848,1
The Borgias broke the computers.,The Borgias broken the computers.,morphology,irregular_forms,irregular_past_participle_verbs,True,True,False,False,579,-49.24810791015625,-51.94601058959961,1
Janet broke those trucks.,Janet broken those trucks.,morphology,irregular_forms,irregular_past_participle_verbs,True,True,False,False,580,-39.79401397705078,-42.01163864135742,1
Marcus broke some screens.,Marcus broken some screens.,morphology,irregular_forms,irregular_past_participle_verbs,True,True,False,False,581,-29.834163665771484,-33.45109939575195,1
Teresa broke the trucks.,Teresa broken the trucks.,morphology,irregular_forms,irregular_past_participle_verbs,True,True,False,False,582,-41.08652114868164,-41.2161865234375,1
Daniel took that ladder.,Daniel taken that ladder.,morphology,irregular_forms,irregular_past_participle_verbs,True,True,False,False,583,-28.492481231689453,-31.042999267578125,1
Many blouses shrank.,Many blouses shrunk.,morphology,irregular_forms,irregular_past_participle_verbs,True,True,False,False,584,-43.07222366333008,-37.62767791748047,0
Rachel went to a lot of hospitals.,Rachel gone to a lot of hospitals.,morphology,irregular_forms,irregular_past_participle_verbs,True,True,False,False,585,-29.620351791381836,-33.513893127441406,1
Some cats broke many carriages.,Some cats broken many carriages.,morphology,irregular_forms,irregular_past_participle_verbs,True,True,False,False,586,-46.76457595825195,-48.40381622314453,1
Travis got a job.,Travis gotten a job.,morphology,irregular_forms,irregular_past_participle_verbs,True,True,False,False,587,-30.510881423950195,-35.35283279418945,1
Paula came here.,Paula come here.,morphology,irregular_forms,irregular_past_participle_verbs,True,True,False,False,588,-23.501354217529297,-22.483917236328125,0
Roger forgot Christine.,Roger forgotten Christine.,morphology,irregular_forms,irregular_past_participle_verbs,True,True,False,False,589,-26.99700164794922,-27.433263778686523,1
Nina spoke up.,Nina spoken up.,morphology,irregular_forms,irregular_past_participle_verbs,True,True,False,False,590,-25.76156234741211,-29.896705627441406,1
Patricia knew most students.,Patricia known most students.,morphology,irregular_forms,irregular_past_participle_verbs,True,True,False,False,591,-37.616554260253906,-39.03365707397461,1
These pedestrians drove to a lot of libraries.,These pedestrians driven to a lot of libraries.,morphology,irregular_forms,irregular_past_participle_verbs,True,True,False,False,592,-46.9625244140625,-45.269962310791016,0
The water froze.,The water frozen.,morphology,irregular_forms,irregular_past_participle_verbs,True,True,False,False,593,-22.27431869506836,-21.70099449157715,0
Regina got a job.,Regina gotten a job.,morphology,irregular_forms,irregular_past_participle_verbs,True,True,False,False,594,-28.985692977905273,-32.75871276855469,1
Debra hid.,Debra hidden.,morphology,irregular_forms,irregular_past_participle_verbs,True,True,False,False,595,-24.481231689453125,-21.691301345825195,0
Beverly drove to every closet.,Beverly driven to every closet.,morphology,irregular_forms,irregular_past_participle_verbs,True,True,False,False,596,-49.57759475708008,-49.10546875,0
Jennifer wrote.,Jennifer written.,morphology,irregular_forms,irregular_past_participle_verbs,True,True,False,False,597,-11.178018569946289,-13.500875473022461,1
Those people wrote.,Those people written.,morphology,irregular_forms,irregular_past_participle_verbs,True,True,False,False,598,-16.420150756835938,-17.731918334960938,1
Rachelle hid Brian.,Rachelle hidden Brian.,morphology,irregular_forms,irregular_past_participle_verbs,True,True,False,False,599,-35.58963394165039,-36.4891357421875,1
Sharon broke that glass.,Sharon broken that glass.,morphology,irregular_forms,irregular_past_participle_verbs,True,True,False,False,600,-38.5921630859375,-41.29878234863281,1
Maria went to this mountain.,Maria gone to this mountain.,morphology,irregular_forms,irregular_past_participle_verbs,True,True,False,False,601,-26.45464324951172,-31.362133026123047,1
Donald broke these cups.,Donald broken these cups.,morphology,irregular_forms,irregular_past_participle_verbs,True,True,False,False,602,-30.115707397460938,-31.25971221923828,1
A lot of pedestrians went to art galleries.,A lot of pedestrians gone to art galleries.,morphology,irregular_forms,irregular_past_participle_verbs,True,True,False,False,603,-53.144309997558594,-55.201576232910156,1
Many rabbits broke couches.,Many rabbits broken couches.,morphology,irregular_forms,irregular_past_participle_verbs,True,True,False,False,604,-40.811744689941406,-40.87553405761719,1
This dancer went to the cafe.,This dancer gone to the cafe.,morphology,irregular_forms,irregular_past_participle_verbs,True,True,False,False,605,-36.56020736694336,-41.66194152832031,1
Sally drove to every mountain.,Sally driven to every mountain.,morphology,irregular_forms,irregular_past_participle_verbs,True,True,False,False,606,-42.12828826904297,-40.8703498840332,0
Some girls forgot Kristin.,Some girls forgotten Kristin.,morphology,irregular_forms,irregular_past_participle_verbs,True,True,False,False,607,-40.16631317138672,-41.08076477050781,1
The jackets shrank.,The jackets shrunk.,morphology,irregular_forms,irregular_past_participle_verbs,True,True,False,False,608,-35.676719665527344,-29.844663619995117,0
Erin came here.,Erin come here.,morphology,irregular_forms,irregular_past_participle_verbs,True,True,False,False,609,-21.586437225341797,-22.353248596191406,1
Candice hid.,Candice hidden.,morphology,irregular_forms,irregular_past_participle_verbs,True,True,False,False,610,-24.684001922607422,-23.470314025878906,0
The ladies drank.,The ladies drunk.,morphology,irregular_forms,irregular_past_participle_verbs,True,True,False,False,611,-26.211013793945312,-27.35796546936035,1
A lot of rivers froze.,A lot of rivers frozen.,morphology,irregular_forms,irregular_past_participle_verbs,True,True,False,False,612,-37.04488754272461,-37.10103225708008,1
Monet knew Stacy.,Monet known Stacy.,morphology,irregular_forms,irregular_past_participle_verbs,True,True,False,False,613,-34.086456298828125,-33.404029846191406,0
Cindy got fired.,Cindy gotten fired.,morphology,irregular_forms,irregular_past_participle_verbs,True,True,False,False,614,-36.47801971435547,-39.38683319091797,1
Benjamin took this dog.,Benjamin taken this dog.,morphology,irregular_forms,irregular_past_participle_verbs,True,True,False,False,615,-39.139442443847656,-42.13710021972656,1
Denise broke every skateboard.,Denise broken every skateboard.,morphology,irregular_forms,irregular_past_participle_verbs,True,True,False,False,616,-47.08875274658203,-48.929473876953125,1
Many icicles froze.,Many icicles frozen.,morphology,irregular_forms,irregular_past_participle_verbs,True,True,False,False,617,-40.2313232421875,-39.593284606933594,0
Diane went to every closet.,Diane gone to every closet.,morphology,irregular_forms,irregular_past_participle_verbs,True,True,False,False,618,-42.48707580566406,-46.9822998046875,1
Derek broke every plane.,Derek broken every plane.,morphology,irregular_forms,irregular_past_participle_verbs,True,True,False,False,619,-40.322959899902344,-43.062889099121094,1
Catherine came here.,Catherine come here.,morphology,irregular_forms,irregular_past_participle_verbs,True,True,False,False,620,-31.056541442871094,-30.722658157348633,0
A child went to those hills.,A child gone to those hills.,morphology,irregular_forms,irregular_past_participle_verbs,True,True,False,False,621,-38.227943420410156,-42.648319244384766,1
Some schools took those scarves.,Some schools taken those scarves.,morphology,irregular_forms,irregular_past_participle_verbs,True,True,False,False,622,-45.187652587890625,-46.18589401245117,1
Some actors hid.,Some actors hidden.,morphology,irregular_forms,irregular_past_participle_verbs,True,True,False,False,623,-24.730134963989258,-22.731704711914062,0
Matt ate.,Matt eaten.,morphology,irregular_forms,irregular_past_participle_verbs,True,True,False,False,624,-14.24809455871582,-16.472145080566406,1
Amanda sang.,Amanda sung.,morphology,irregular_forms,irregular_past_participle_verbs,True,True,False,False,625,-24.529861450195312,-25.434619903564453,1
That guy hid.,That guy hidden.,morphology,irregular_forms,irregular_past_participle_verbs,True,True,False,False,626,-23.81029510498047,-21.966880798339844,0
Cynthia came here.,Cynthia come here.,morphology,irregular_forms,irregular_past_participle_verbs,True,True,False,False,627,-37.787506103515625,-38.19763946533203,1
Karla ate.,Karla eaten.,morphology,irregular_forms,irregular_past_participle_verbs,True,True,False,False,628,-22.465198516845703,-23.892295837402344,1
Karen went to a lot of grocery stores.,Karen gone to a lot of grocery stores.,morphology,irregular_forms,irregular_past_participle_verbs,True,True,False,False,629,-46.57213592529297,-50.00312423706055,1
That actor drove to that closet.,That actor driven to that closet.,morphology,irregular_forms,irregular_past_participle_verbs,True,True,False,False,630,-44.10375213623047,-44.87481689453125,1
Some shawls shrank.,Some shawls shrunk.,morphology,irregular_forms,irregular_past_participle_verbs,True,True,False,False,631,-46.84212112426758,-41.44628143310547,0
Deborah broke these plates.,Deborah broken these plates.,morphology,irregular_forms,irregular_past_participle_verbs,True,True,False,False,632,-41.76600646972656,-42.15184783935547,1
Catherine spoke up.,Catherine spoken up.,morphology,irregular_forms,irregular_past_participle_verbs,True,True,False,False,633,-32.544105529785156,-35.36002731323242,1
Doctors drove to a high school.,Doctors driven to a high school.,morphology,irregular_forms,irregular_past_participle_verbs,True,True,False,False,634,-29.033973693847656,-29.390644073486328,1
Some patients sang.,Some patients sung.,morphology,irregular_forms,irregular_past_participle_verbs,True,True,False,False,635,-23.134742736816406,-23.679040908813477,1
Those dancers took every nose.,Those dancers taken every nose.,morphology,irregular_forms,irregular_past_participle_verbs,True,True,False,False,636,-39.30973815917969,-41.051151275634766,1
Every student broke screens.,Every student broken screens.,morphology,irregular_forms,irregular_past_participle_verbs,True,True,False,False,637,-33.22512435913086,-31.582733154296875,0
Michelle wrote.,Michelle written.,morphology,irregular_forms,irregular_past_participle_verbs,True,True,False,False,638,-12.61879825592041,-13.607148170471191,1
Bradley hid.,Bradley hidden.,morphology,irregular_forms,irregular_past_participle_verbs,True,True,False,False,639,-23.982494354248047,-22.130308151245117,0
Becca knew Steve.,Becca known Steve.,morphology,irregular_forms,irregular_past_participle_verbs,True,True,False,False,640,-36.527565002441406,-37.68400573730469,1
Elaine got fired.,Elaine gotten fired.,morphology,irregular_forms,irregular_past_participle_verbs,True,True,False,False,641,-30.37903594970703,-34.49615478515625,1
Chad woke up.,Chad woken up.,morphology,irregular_forms,irregular_past_participle_verbs,True,True,False,False,642,-24.30685043334961,-36.060081481933594,1
Helen drove to all cafes.,Helen driven to all cafes.,morphology,irregular_forms,irregular_past_participle_verbs,True,True,False,False,643,-38.9669189453125,-39.61220169067383,1
Theodore forgot Bethany.,Theodore forgotten Bethany.,morphology,irregular_forms,irregular_past_participle_verbs,True,True,False,False,644,-50.27740478515625,-49.52975082397461,0
Melanie knew Amelia.,Melanie known Amelia.,morphology,irregular_forms,irregular_past_participle_verbs,True,True,False,False,645,-38.99424362182617,-38.29443359375,0
A man hid away.,A man hidden away.,morphology,irregular_forms,irregular_past_participle_verbs,True,True,False,False,646,-27.92682456970215,-27.206039428710938,0
The glaciers froze.,The glaciers frozen.,morphology,irregular_forms,irregular_past_participle_verbs,True,True,False,False,647,-27.69217872619629,-27.35341453552246,0
Russell drove to the college campuses.,Russell driven to the college campuses.,morphology,irregular_forms,irregular_past_participle_verbs,True,True,False,False,648,-36.61659240722656,-37.054317474365234,1
Omar drove to these schools.,Omar driven to these schools.,morphology,irregular_forms,irregular_past_participle_verbs,True,True,False,False,649,-39.709075927734375,-39.7478141784668,1
Some ladies drank.,Some ladies drunk.,morphology,irregular_forms,irregular_past_participle_verbs,True,True,False,False,650,-25.553247451782227,-26.279964447021484,1
These guests wore some coat.,These guests worn some coat.,morphology,irregular_forms,irregular_past_participle_verbs,True,True,False,False,651,-37.29486083984375,-39.85784912109375,1
Tiffany forgot Suzanne.,Tiffany forgotten Suzanne.,morphology,irregular_forms,irregular_past_participle_verbs,True,True,False,False,652,-47.02727508544922,-47.70484161376953,1
Mark drove to that mall.,Mark driven to that mall.,morphology,irregular_forms,irregular_past_participle_verbs,True,True,False,False,653,-34.32067108154297,-34.57508850097656,1
Regina drove to all restaurants.,Regina driven to all restaurants.,morphology,irregular_forms,irregular_past_participle_verbs,True,True,False,False,654,-38.710906982421875,-38.9244384765625,1
Kristin hid.,Kristin hidden.,morphology,irregular_forms,irregular_past_participle_verbs,True,True,False,False,655,-24.25514030456543,-20.58551025390625,0
Karla drank.,Karla drunk.,morphology,irregular_forms,irregular_past_participle_verbs,True,True,False,False,656,-23.283828735351562,-24.673858642578125,1
Every driver went fishing.,Every driver gone fishing.,morphology,irregular_forms,irregular_past_participle_verbs,True,True,False,False,657,-28.51058578491211,-31.86832046508789,1
These customers hid.,These customers hidden.,morphology,irregular_forms,irregular_past_participle_verbs,True,True,False,False,658,-25.183338165283203,-21.46647071838379,0
Ella ate.,Ella eaten.,morphology,irregular_forms,irregular_past_participle_verbs,True,True,False,False,659,-24.46190643310547,-25.07255744934082,1
The actor broke most unicycles.,The actor broken most unicycles.,morphology,irregular_forms,irregular_past_participle_verbs,True,True,False,False,660,-56.693084716796875,-58.19050216674805,1
Denise drove to some public park.,Denise driven to some public park.,morphology,irregular_forms,irregular_past_participle_verbs,True,True,False,False,661,-47.868675231933594,-49.08354187011719,1
Jesus went fishing.,Jesus gone fishing.,morphology,irregular_forms,irregular_past_participle_verbs,True,True,False,False,662,-18.647090911865234,-23.296905517578125,1
Most teachers broke that plate.,Most teachers broken that plate.,morphology,irregular_forms,irregular_past_participle_verbs,True,True,False,False,663,-39.597007751464844,-41.456748962402344,1
Some pepper went bad.,Some pepper gone bad.,morphology,irregular_forms,irregular_past_participle_verbs,True,True,False,False,664,-34.07959747314453,-35.96265411376953,1
Every coat shrank.,Every coat shrunk.,morphology,irregular_forms,irregular_past_participle_verbs,True,True,False,False,665,-35.610107421875,-26.889087677001953,0
Susan forgot Tracy.,Susan forgotten Tracy.,morphology,irregular_forms,irregular_past_participle_verbs,True,True,False,False,666,-27.890277862548828,-26.715206146240234,0
Chad wore the sock.,Chad worn the sock.,morphology,irregular_forms,irregular_past_participle_verbs,True,True,False,False,667,-35.26960372924805,-37.35157012939453,1
Some banks forgot Kendra.,Some banks forgotten Kendra.,morphology,irregular_forms,irregular_past_participle_verbs,True,True,False,False,668,-45.5003662109375,-45.99697494506836,1
Dan wore most glasses.,Dan worn most glasses.,morphology,irregular_forms,irregular_past_participle_verbs,True,True,False,False,669,-31.570270538330078,-34.69993591308594,1
Wendy knew Carrie.,Wendy known Carrie.,morphology,irregular_forms,irregular_past_participle_verbs,True,True,False,False,670,-41.35094451904297,-41.586185455322266,1
Clyde took most bananas.,Clyde taken most bananas.,morphology,irregular_forms,irregular_past_participle_verbs,True,True,False,False,671,-50.799537658691406,-53.855201721191406,1
That guest hid away.,That guest hidden away.,morphology,irregular_forms,irregular_past_participle_verbs,True,True,False,False,672,-30.94784927368164,-31.68198585510254,1
That senator got fired.,That senator gotten fired.,morphology,irregular_forms,irregular_past_participle_verbs,True,True,False,False,673,-33.39499282836914,-37.46569061279297,1
Teresa went to some high schools.,Teresa gone to some high schools.,morphology,irregular_forms,irregular_past_participle_verbs,True,True,False,False,674,-44.950782775878906,-48.6836051940918,1
Christopher broke the dishes.,Christopher broken the dishes.,morphology,irregular_forms,irregular_past_participle_verbs,True,True,False,False,675,-26.05596160888672,-28.362903594970703,1
Those gloves shrank.,Those gloves shrunk.,morphology,irregular_forms,irregular_past_participle_verbs,True,True,False,False,676,-36.970558166503906,-31.900550842285156,0
Many adults went fishing.,Many adults gone fishing.,morphology,irregular_forms,irregular_past_participle_verbs,True,True,False,False,677,-27.581743240356445,-30.43380355834961,1
That mushroom went bad.,That mushroom gone bad.,morphology,irregular_forms,irregular_past_participle_verbs,True,True,False,False,678,-34.3937873840332,-36.42724609375,1
Susan broke vases.,Susan broken vases.,morphology,irregular_forms,irregular_past_participle_verbs,True,True,False,False,679,-30.389720916748047,-30.423927307128906,1
Homer broke a lot of screens.,Homer broken a lot of screens.,morphology,irregular_forms,irregular_past_participle_verbs,True,True,False,False,680,-42.81082534790039,-45.29914474487305,1
Stacey forgot all women.,Stacey forgotten all women.,morphology,irregular_forms,irregular_past_participle_verbs,True,True,False,False,681,-40.274532318115234,-39.257362365722656,0
Most pedestrians hid away.,Most pedestrians hidden away.,morphology,irregular_forms,irregular_past_participle_verbs,True,True,False,False,682,-30.825952529907227,-30.78369903564453,0
Allison hid away.,Allison hidden away.,morphology,irregular_forms,irregular_past_participle_verbs,True,True,False,False,683,-30.850643157958984,-31.415191650390625,1
Timothy got a job.,Timothy gotten a job.,morphology,irregular_forms,irregular_past_participle_verbs,True,True,False,False,684,-30.884357452392578,-34.4077262878418,1
Many shawls shrank.,Many shawls shrunk.,morphology,irregular_forms,irregular_past_participle_verbs,True,True,False,False,685,-47.62841033935547,-42.25906753540039,0
Christopher hid every convertible.,Christopher hidden every convertible.,morphology,irregular_forms,irregular_past_participle_verbs,True,True,False,False,686,-34.609474182128906,-33.11687469482422,0
Alexander broke those bikes.,Alexander broken those bikes.,morphology,irregular_forms,irregular_past_participle_verbs,True,True,False,False,687,-29.3126163482666,-31.076675415039062,1
Carol hid.,Carol hidden.,morphology,irregular_forms,irregular_past_participle_verbs,True,True,False,False,688,-23.851411819458008,-21.5732421875,0
Many waiters got fired.,Many waiters gotten fired.,morphology,irregular_forms,irregular_past_participle_verbs,True,True,False,False,689,-36.63264846801758,-40.797149658203125,1
Edward came here.,Edward come here.,morphology,irregular_forms,irregular_past_participle_verbs,True,True,False,False,690,-16.092323303222656,-16.971607208251953,1
The waitresses forgot Michael.,The waitresses forgotten Michael.,morphology,irregular_forms,irregular_past_participle_verbs,True,True,False,False,691,-50.15394592285156,-50.333683013916016,1
Brett knew Paula.,Brett known Paula.,morphology,irregular_forms,irregular_past_participle_verbs,True,True,False,False,692,-38.626434326171875,-37.23810577392578,0
Sabrina took some dog.,Sabrina taken some dog.,morphology,irregular_forms,irregular_past_participle_verbs,True,True,False,False,693,-33.20956802368164,-36.83626937866211,1
These doctors went to glaciers.,These doctors gone to glaciers.,morphology,irregular_forms,irregular_past_participle_verbs,True,True,False,False,694,-35.16307067871094,-39.87415313720703,1
Every driver broke a plate.,Every driver broken a plate.,morphology,irregular_forms,irregular_past_participle_verbs,True,True,False,False,695,-32.42886734008789,-35.42792510986328,1
A lot of children hid Cynthia.,A lot of children hidden Cynthia.,morphology,irregular_forms,irregular_past_participle_verbs,True,True,False,False,696,-43.956661224365234,-43.55810546875,0
Theodore wore every scarf.,Theodore worn every scarf.,morphology,irregular_forms,irregular_past_participle_verbs,True,True,False,False,697,-45.83125686645508,-47.5028190612793,1
Florence hid Noah.,Florence hidden Noah.,morphology,irregular_forms,irregular_past_participle_verbs,True,True,False,False,698,-44.100669860839844,-45.702537536621094,1
Those patients broke this computer.,Those patients broken this computer.,morphology,irregular_forms,irregular_past_participle_verbs,True,True,False,False,699,-36.66337203979492,-36.5837287902832,0
Carol took these sketches.,Carol taken these sketches.,morphology,irregular_forms,irregular_past_participle_verbs,True,True,False,False,700,-37.76959228515625,-38.323360443115234,1
Those mushrooms went bad.,Those mushrooms gone bad.,morphology,irregular_forms,irregular_past_participle_verbs,True,True,False,False,701,-33.418434143066406,-35.0902214050293,1
Vanessa took all art galleries.,Vanessa taken all art galleries.,morphology,irregular_forms,irregular_past_participle_verbs,True,True,False,False,702,-44.580928802490234,-48.258155822753906,1
Patrick went fishing.,Patrick gone fishing.,morphology,irregular_forms,irregular_past_participle_verbs,True,True,False,False,703,-19.692716598510742,-24.10814094543457,1
Tara hid.,Tara hidden.,morphology,irregular_forms,irregular_past_participle_verbs,True,True,False,False,704,-25.03472900390625,-22.302621841430664,0
This eggplant went bad.,This eggplant gone bad.,morphology,irregular_forms,irregular_past_participle_verbs,True,True,False,False,705,-43.860816955566406,-44.349998474121094,1
Wendy drank.,Wendy drunk.,morphology,irregular_forms,irregular_past_participle_verbs,True,True,False,False,706,-30.640043258666992,-31.130159378051758,1
Alexander woke up.,Alexander woken up.,morphology,irregular_forms,irregular_past_participle_verbs,True,True,False,False,707,-16.759262084960938,-27.81656265258789,1
Carol came here.,Carol come here.,morphology,irregular_forms,irregular_past_participle_verbs,True,True,False,False,708,-25.61446762084961,-24.652599334716797,0
Jeffrey took every candle.,Jeffrey taken every candle.,morphology,irregular_forms,irregular_past_participle_verbs,True,True,False,False,709,-37.54540252685547,-41.28895950317383,1
Brad got fired.,Brad gotten fired.,morphology,irregular_forms,irregular_past_participle_verbs,True,True,False,False,710,-21.762737274169922,-25.13380241394043,1
Many associations forgot Suzanne.,Many associations forgotten Suzanne.,morphology,irregular_forms,irregular_past_participle_verbs,True,True,False,False,711,-41.08702850341797,-40.749778747558594,0
Laurie went to some bank.,Laurie gone to some bank.,morphology,irregular_forms,irregular_past_participle_verbs,True,True,False,False,712,-44.7353401184082,-49.97064971923828,1
A skirt shrank.,A skirt shrunk.,morphology,irregular_forms,irregular_past_participle_verbs,True,True,False,False,713,-36.43220520019531,-29.70688819885254,0
Becky drove to that art gallery.,Becky driven to that art gallery.,morphology,irregular_forms,irregular_past_participle_verbs,True,True,False,False,714,-49.13037109375,-49.4499397277832,1
Girls went to the Great Lakes.,Girls gone to the Great Lakes.,morphology,irregular_forms,irregular_past_participle_verbs,True,True,False,False,715,-30.297183990478516,-33.97084045410156,1
That jacket shrank.,That jacket shrunk.,morphology,irregular_forms,irregular_past_participle_verbs,True,True,False,False,716,-36.96937942504883,-29.031465530395508,0
Carlos forgot Steve.,Carlos forgotten Steve.,morphology,irregular_forms,irregular_past_participle_verbs,True,True,False,False,717,-35.034278869628906,-34.47199249267578,0
Every driver wore these hats.,Every driver worn these hats.,morphology,irregular_forms,irregular_past_participle_verbs,True,True,False,False,718,-37.0107536315918,-38.271602630615234,1
Tara got a job.,Tara gotten a job.,morphology,irregular_forms,irregular_past_participle_verbs,True,True,False,False,719,-28.807401657104492,-34.07947540283203,1
Naomi forgot Gary.,Naomi forgotten Gary.,morphology,irregular_forms,irregular_past_participle_verbs,True,True,False,False,720,-39.696311950683594,-39.26626968383789,0
Winston Churchill hid.,Winston Churchill hidden.,morphology,irregular_forms,irregular_past_participle_verbs,True,True,False,False,721,-40.1097412109375,-38.093685150146484,0
Michael hid.,Michael hidden.,morphology,irregular_forms,irregular_past_participle_verbs,True,True,False,False,722,-14.740304946899414,-12.84505844116211,0
Some hat shrank.,Some hat shrunk.,morphology,irregular_forms,irregular_past_participle_verbs,True,True,False,False,723,-34.72368240356445,-27.712738037109375,0
Jesus hid.,Jesus hidden.,morphology,irregular_forms,irregular_past_participle_verbs,True,True,False,False,724,-15.212474822998047,-13.639341354370117,0
Martha took a lot of bicycles.,Martha taken a lot of bicycles.,morphology,irregular_forms,irregular_past_participle_verbs,True,True,False,False,725,-39.00745391845703,-41.274356842041016,1
Melissa came here.,Melissa come here.,morphology,irregular_forms,irregular_past_participle_verbs,True,True,False,False,726,-26.99119758605957,-27.277616500854492,1
Brenda hid away.,Brenda hidden away.,morphology,irregular_forms,irregular_past_participle_verbs,True,True,False,False,727,-24.509754180908203,-25.184707641601562,1
George went to all movie theaters.,George gone to all movie theaters.,morphology,irregular_forms,irregular_past_participle_verbs,True,True,False,False,728,-39.309722900390625,-43.133331298828125,1
Some doctors wore those scarves.,Some doctors worn those scarves.,morphology,irregular_forms,irregular_past_participle_verbs,True,True,False,False,729,-47.100040435791016,-47.964561462402344,1
A teenager broke that bike.,A teenager broken that bike.,morphology,irregular_forms,irregular_past_participle_verbs,True,True,False,False,730,-39.594398498535156,-42.31711959838867,1
Nicole forgot Meredith.,Nicole forgotten Meredith.,morphology,irregular_forms,irregular_past_participle_verbs,True,True,False,False,731,-38.640380859375,-37.64656066894531,0
Some bird woke up.,Some bird woken up.,morphology,irregular_forms,irregular_past_participle_verbs,True,True,False,False,732,-26.053577423095703,-39.35064697265625,1
Andrew broke this fork.,Andrew broken this fork.,morphology,irregular_forms,irregular_past_participle_verbs,True,True,False,False,733,-28.513675689697266,-30.204004287719727,1
Men spoke up.,Men spoken up.,morphology,irregular_forms,irregular_past_participle_verbs,True,True,False,False,734,-18.451332092285156,-22.496387481689453,1
Regina took some bread.,Regina taken some bread.,morphology,irregular_forms,irregular_past_participle_verbs,True,True,False,False,735,-33.21634292602539,-35.81623840332031,1
These girls hid Paul.,These girls hidden Paul.,morphology,irregular_forms,irregular_past_participle_verbs,True,True,False,False,736,-33.28800582885742,-34.298553466796875,1
Gerald broke those carriages.,Gerald broken those carriages.,morphology,irregular_forms,irregular_past_participle_verbs,True,True,False,False,737,-48.01272964477539,-49.66424560546875,1
Thomas woke up.,Thomas woken up.,morphology,irregular_forms,irregular_past_participle_verbs,True,True,False,False,738,-16.672927856445312,-29.197521209716797,1
Cheryl broke every bike.,Cheryl broken every bike.,morphology,irregular_forms,irregular_past_participle_verbs,True,True,False,False,739,-47.676273345947266,-48.75722885131836,1
Melanie went to every high school.,Melanie gone to every high school.,morphology,irregular_forms,irregular_past_participle_verbs,True,True,False,False,740,-43.88295364379883,-48.822967529296875,1
The shoe shrank.,The shoe shrunk.,morphology,irregular_forms,irregular_past_participle_verbs,True,True,False,False,741,-33.664222717285156,-28.401611328125,0
Holly got fired.,Holly gotten fired.,morphology,irregular_forms,irregular_past_participle_verbs,True,True,False,False,742,-33.124229431152344,-37.55721664428711,1
Edward went to that college campus.,Edward gone to that college campus.,morphology,irregular_forms,irregular_past_participle_verbs,True,True,False,False,743,-35.784523010253906,-41.24222946166992,1
Douglas woke up.,Douglas woken up.,morphology,irregular_forms,irregular_past_participle_verbs,True,True,False,False,744,-29.98950958251953,-39.592872619628906,1
Jane woke up.,Jane woken up.,morphology,irregular_forms,irregular_past_participle_verbs,True,True,False,False,745,-16.76919937133789,-28.6441707611084,1
Alexander broke these cups.,Alexander broken these cups.,morphology,irregular_forms,irregular_past_participle_verbs,True,True,False,False,746,-30.662494659423828,-31.840721130371094,1
Judy got fired.,Judy gotten fired.,morphology,irregular_forms,irregular_past_participle_verbs,True,True,False,False,747,-30.152875900268555,-33.38575744628906,1
David took most convertibles.,David taken most convertibles.,morphology,irregular_forms,irregular_past_participle_verbs,True,True,False,False,748,-39.29156494140625,-42.36779022216797,1
The Clintons hid Tiffany.,The Clintons hidden Tiffany.,morphology,irregular_forms,irregular_past_participle_verbs,True,True,False,False,749,-42.64141082763672,-41.084999084472656,0
Elaine sang.,Elaine sung.,morphology,irregular_forms,irregular_past_participle_verbs,True,True,False,False,750,-23.628894805908203,-25.18148422241211,1
Julia knew Peter.,Julia known Peter.,morphology,irregular_forms,irregular_past_participle_verbs,True,True,False,False,751,-30.670757293701172,-32.60755157470703,1
Jessica hid a newspaper article.,Jessica hidden a newspaper article.,morphology,irregular_forms,irregular_past_participle_verbs,True,True,False,False,752,-34.7990837097168,-35.41111373901367,1
Melanie wrote.,Melanie written.,morphology,irregular_forms,irregular_past_participle_verbs,True,True,False,False,753,-24.046663284301758,-26.061662673950195,1
The waiters hid away.,The waiters hidden away.,morphology,irregular_forms,irregular_past_participle_verbs,True,True,False,False,754,-35.71821594238281,-34.499481201171875,0
Thomas hid.,Thomas hidden.,morphology,irregular_forms,irregular_past_participle_verbs,True,True,False,False,755,-15.50088119506836,-14.040246963500977,0
Every adult came here.,Every adult come here.,morphology,irregular_forms,irregular_past_participle_verbs,True,True,False,False,756,-27.09647560119629,-25.057641983032227,0
Erin ate.,Erin eaten.,morphology,irregular_forms,irregular_past_participle_verbs,True,True,False,False,757,-20.453964233398438,-20.980915069580078,1
Sabrina sang.,Sabrina sung.,morphology,irregular_forms,irregular_past_participle_verbs,True,True,False,False,758,-23.390289306640625,-25.379695892333984,1
Stacey hid Sabrina.,Stacey hidden Sabrina.,morphology,irregular_forms,irregular_past_participle_verbs,True,True,False,False,759,-45.17852020263672,-45.92177200317383,1
Christina went to every closet.,Christina gone to every closet.,morphology,irregular_forms,irregular_past_participle_verbs,True,True,False,False,760,-37.31230163574219,-42.10026931762695,1
That actress spoke up.,That actress spoken up.,morphology,irregular_forms,irregular_past_participle_verbs,True,True,False,False,761,-26.191875457763672,-30.441883087158203,1
Bruce hid Sarah.,Bruce hidden Sarah.,morphology,irregular_forms,irregular_past_participle_verbs,True,True,False,False,762,-24.54816246032715,-25.743709564208984,1
Most waiters broke a screen.,Most waiters broken a screen.,morphology,irregular_forms,irregular_past_participle_verbs,True,True,False,False,763,-39.830955505371094,-42.65830993652344,1
Christopher spoke up.,Christopher spoken up.,morphology,irregular_forms,irregular_past_participle_verbs,True,True,False,False,764,-17.856693267822266,-22.43905258178711,1
A woman broke a glass.,A woman broken a glass.,morphology,irregular_forms,irregular_past_participle_verbs,True,True,False,False,765,-32.84977340698242,-35.379844665527344,1
Alicia ate.,Alicia eaten.,morphology,irregular_forms,irregular_past_participle_verbs,True,True,False,False,766,-33.28887939453125,-34.086334228515625,1
Aaron hid away.,Aaron hidden away.,morphology,irregular_forms,irregular_past_participle_verbs,True,True,False,False,767,-20.029558181762695,-19.791698455810547,0
Those guys got a job.,Those guys gotten a job.,morphology,irregular_forms,irregular_past_participle_verbs,True,True,False,False,768,-25.189207077026367,-29.21499252319336,1
Most waiters wore some shawls.,Most waiters worn some shawls.,morphology,irregular_forms,irregular_past_participle_verbs,True,True,False,False,769,-53.5536994934082,-54.971736907958984,1
Most skirts shrank.,Most skirts shrunk.,morphology,irregular_forms,irregular_past_participle_verbs,True,True,False,False,770,-36.58229064941406,-29.64059829711914,0
That teenager hid away.,That teenager hidden away.,morphology,irregular_forms,irregular_past_participle_verbs,True,True,False,False,771,-31.834869384765625,-31.411832809448242,0
Alice got fired.,Alice gotten fired.,morphology,irregular_forms,irregular_past_participle_verbs,True,True,False,False,772,-21.019489288330078,-24.627145767211914,1
Stephen got fired.,Stephen gotten fired.,morphology,irregular_forms,irregular_past_participle_verbs,True,True,False,False,773,-21.372238159179688,-25.25348663330078,1
Every glacier froze.,Every glacier frozen.,morphology,irregular_forms,irregular_past_participle_verbs,True,True,False,False,774,-27.50298309326172,-26.972063064575195,0
Monica knew dancers.,Monica known dancers.,morphology,irregular_forms,irregular_past_participle_verbs,True,True,False,False,775,-32.97709274291992,-30.672691345214844,0
Tamara wore blouses.,Tamara worn blouses.,morphology,irregular_forms,irregular_past_participle_verbs,True,True,False,False,776,-37.03068542480469,-38.50828170776367,1
Karen hid that hamster.,Karen hidden that hamster.,morphology,irregular_forms,irregular_past_participle_verbs,True,True,False,False,777,-50.061622619628906,-48.1170654296875,0
Carrie sang.,Carrie sung.,morphology,irregular_forms,irregular_past_participle_verbs,True,True,False,False,778,-22.279518127441406,-24.503684997558594,1
Bill drank.,Bill drunk.,morphology,irregular_forms,irregular_past_participle_verbs,True,True,False,False,779,-15.54667854309082,-16.335037231445312,1
These waitresses went to Spain.,These waitresses gone to Spain.,morphology,irregular_forms,irregular_past_participle_verbs,True,True,False,False,780,-45.22810363769531,-47.83366394042969,1
Edward wrote.,Edward written.,morphology,irregular_forms,irregular_past_participle_verbs,True,True,False,False,781,-10.868243217468262,-14.030961036682129,1
Carlos came here.,Carlos come here.,morphology,irregular_forms,irregular_past_participle_verbs,True,True,False,False,782,-24.365337371826172,-23.86785125732422,0
These children drove to Spain.,These children driven to Spain.,morphology,irregular_forms,irregular_past_participle_verbs,True,True,False,False,783,-30.806209564208984,-30.89248275756836,1
Ronald got a job.,Ronald gotten a job.,morphology,irregular_forms,irregular_past_participle_verbs,True,True,False,False,784,-29.994287490844727,-34.23434829711914,1
Peter went to most high schools.,Peter gone to most high schools.,morphology,irregular_forms,irregular_past_participle_verbs,True,True,False,False,785,-33.01986312866211,-37.34996795654297,1
All guys hid Angela.,All guys hidden Angela.,morphology,irregular_forms,irregular_past_participle_verbs,True,True,False,False,786,-35.952728271484375,-35.683807373046875,0
Sherry drove to the hospital.,Sherry driven to the hospital.,morphology,irregular_forms,irregular_past_participle_verbs,True,True,False,False,787,-35.52730941772461,-35.96039581298828,1
The Impressionists woke up.,The Impressionists woken up.,morphology,irregular_forms,irregular_past_participle_verbs,True,True,False,False,788,-43.93981170654297,-57.630638122558594,1
These cashiers hid Margaret.,These cashiers hidden Margaret.,morphology,irregular_forms,irregular_past_participle_verbs,True,True,False,False,789,-48.29018020629883,-48.64666748046875,1
Those children went to that movie theater.,Those children gone to that movie theater.,morphology,irregular_forms,irregular_past_participle_verbs,True,True,False,False,790,-43.790618896484375,-47.53775405883789,1
Amelia went fishing.,Amelia gone fishing.,morphology,irregular_forms,irregular_past_participle_verbs,True,True,False,False,791,-32.21743392944336,-36.50779724121094,1
Jesus forgot Denise.,Jesus forgotten Denise.,morphology,irregular_forms,irregular_past_participle_verbs,True,True,False,False,792,-27.31927490234375,-27.66419219970703,1
This water froze.,This water frozen.,morphology,irregular_forms,irregular_past_participle_verbs,True,True,False,False,793,-23.860401153564453,-23.244548797607422,0
Wendy went to a lot of public parks.,Wendy gone to a lot of public parks.,morphology,irregular_forms,irregular_past_participle_verbs,True,True,False,False,794,-49.8426513671875,-55.18074035644531,1
Most museums knew Benjamin.,Most museums known Benjamin.,morphology,irregular_forms,irregular_past_participle_verbs,True,True,False,False,795,-36.73561477661133,-36.51532745361328,0
Tanya came here.,Tanya come here.,morphology,irregular_forms,irregular_past_participle_verbs,True,True,False,False,796,-26.144563674926758,-26.219764709472656,1
The Clintons drove to many restaurants.,The Clintons driven to many restaurants.,morphology,irregular_forms,irregular_past_participle_verbs,True,True,False,False,797,-43.407108306884766,-43.6683349609375,1
Rodney broke some plates.,Rodney broken some plates.,morphology,irregular_forms,irregular_past_participle_verbs,True,True,False,False,798,-38.37860870361328,-40.4296875,1
Alexander drove to restaurants.,Alexander driven to restaurants.,morphology,irregular_forms,irregular_past_participle_verbs,True,True,False,False,799,-26.087228775024414,-26.758991241455078,1
Catherine took some eggplants.,Catherine taken some eggplants.,morphology,irregular_forms,irregular_past_participle_verbs,True,True,False,False,800,-56.73490524291992,-58.341251373291016,1
Every woman drove to college campuses.,Every woman driven to college campuses.,morphology,irregular_forms,irregular_past_participle_verbs,True,True,False,False,801,-42.730506896972656,-42.39457702636719,0
Charles wore that coat.,Charles worn that coat.,morphology,irregular_forms,irregular_past_participle_verbs,True,True,False,False,802,-29.86866569519043,-32.0889892578125,1
This pedestrian ate.,This pedestrian eaten.,morphology,irregular_forms,irregular_past_participle_verbs,True,True,False,False,803,-25.57184600830078,-26.542625427246094,1
These dancers sang.,These dancers sung.,morphology,irregular_forms,irregular_past_participle_verbs,True,True,False,False,804,-25.961349487304688,-26.762248992919922,1
Elizabeth got fired.,Elizabeth gotten fired.,morphology,irregular_forms,irregular_past_participle_verbs,True,True,False,False,805,-21.29672622680664,-25.715553283691406,1
Thomas sang.,Thomas sung.,morphology,irregular_forms,irregular_past_participle_verbs,True,True,False,False,806,-13.846569061279297,-14.942619323730469,1
Some shoes shrank.,Some shoes shrunk.,morphology,irregular_forms,irregular_past_participle_verbs,True,True,False,False,807,-34.07628631591797,-27.220149993896484,0
The Lutherans got a job.,The Lutherans gotten a job.,morphology,irregular_forms,irregular_past_participle_verbs,True,True,False,False,808,-39.81996154785156,-44.37803649902344,1
Brian forgot Sherry.,Brian forgotten Sherry.,morphology,irregular_forms,irregular_past_participle_verbs,True,True,False,False,809,-32.7020378112793,-30.765697479248047,0
Jane wore the shirt.,Jane worn the shirt.,morphology,irregular_forms,irregular_past_participle_verbs,True,True,False,False,810,-24.885419845581055,-27.109615325927734,1
This teacher broke a skateboard.,This teacher broken a skateboard.,morphology,irregular_forms,irregular_past_participle_verbs,True,True,False,False,811,-41.67825698852539,-43.48572540283203,1
Jason took many boxes.,Jason taken many boxes.,morphology,irregular_forms,irregular_past_participle_verbs,True,True,False,False,812,-26.79172706604004,-29.33654022216797,1
Rose drank.,Rose drunk.,morphology,irregular_forms,irregular_past_participle_verbs,True,True,False,False,813,-15.660139083862305,-16.810707092285156,1
Lori broke glasses.,Lori broken glasses.,morphology,irregular_forms,irregular_past_participle_verbs,True,True,False,False,814,-34.7331428527832,-33.59071350097656,0
Theresa wore a lot of coats.,Theresa worn a lot of coats.,morphology,irregular_forms,irregular_past_participle_verbs,True,True,False,False,815,-44.85980987548828,-47.28575134277344,1
This patient went fishing.,This patient gone fishing.,morphology,irregular_forms,irregular_past_participle_verbs,True,True,False,False,816,-29.72174835205078,-32.86818313598633,1
Most students forgot Jesus.,Most students forgotten Jesus.,morphology,irregular_forms,irregular_past_participle_verbs,True,True,False,False,817,-32.32721710205078,-31.7054500579834,0
A mushroom went bad.,A mushroom gone bad.,morphology,irregular_forms,irregular_past_participle_verbs,True,True,False,False,818,-34.487552642822266,-36.76784133911133,1
Libraries forgot Wayne.,Libraries forgotten Wayne.,morphology,irregular_forms,irregular_past_participle_verbs,True,True,False,False,819,-42.5963249206543,-42.04974365234375,0
Aaron wore that shoe.,Aaron worn that shoe.,morphology,irregular_forms,irregular_past_participle_verbs,True,True,False,False,820,-29.497638702392578,-30.90621566772461,1
Girls sang.,Girls sung.,morphology,irregular_forms,irregular_past_participle_verbs,True,True,False,False,821,-14.414163589477539,-15.757366180419922,1
Diana got a job.,Diana gotten a job.,morphology,irregular_forms,irregular_past_participle_verbs,True,True,False,False,822,-30.673625946044922,-35.19906234741211,1
Edward hid away.,Edward hidden away.,morphology,irregular_forms,irregular_past_participle_verbs,True,True,False,False,823,-19.48208236694336,-19.716899871826172,1
Regina got fired.,Regina gotten fired.,morphology,irregular_forms,irregular_past_participle_verbs,True,True,False,False,824,-29.719213485717773,-33.713993072509766,1
Ella took rice.,Ella taken rice.,morphology,irregular_forms,irregular_past_participle_verbs,True,True,False,False,825,-30.304393768310547,-31.403026580810547,1
Heidi wore some glove.,Heidi worn some glove.,morphology,irregular_forms,irregular_past_participle_verbs,True,True,False,False,826,-40.79881286621094,-43.98069763183594,1
Frank broke a couch.,Frank broken a couch.,morphology,irregular_forms,irregular_past_participle_verbs,True,True,False,False,827,-25.323280334472656,-28.125364303588867,1
Dana hid away.,Dana hidden away.,morphology,irregular_forms,irregular_past_participle_verbs,True,True,False,False,828,-30.042217254638672,-30.759437561035156,1
Monet knew Mary.,Monet known Mary.,morphology,irregular_forms,irregular_past_participle_verbs,True,True,False,False,829,-31.717620849609375,-32.910587310791016,1
This senator broke these plates.,This senator broken these plates.,morphology,irregular_forms,irregular_past_participle_verbs,True,True,False,False,830,-41.82279968261719,-43.596351623535156,1
These students drove to a restaurant.,These students driven to a restaurant.,morphology,irregular_forms,irregular_past_participle_verbs,True,True,False,False,831,-33.01388931274414,-31.490108489990234,0
Walter went fishing.,Walter gone fishing.,morphology,irregular_forms,irregular_past_participle_verbs,True,True,False,False,832,-27.722684860229492,-32.138187408447266,1
Ann knew Florence.,Ann known Florence.,morphology,irregular_forms,irregular_past_participle_verbs,True,True,False,False,833,-25.234081268310547,-23.56601905822754,0
Broccoli went bad.,Broccoli gone bad.,morphology,irregular_forms,irregular_past_participle_verbs,True,True,False,False,834,-34.63285446166992,-37.08134078979492,1
The association took those bikes.,The association taken those bikes.,morphology,irregular_forms,irregular_past_participle_verbs,True,True,False,False,835,-36.02281188964844,-38.809608459472656,1
Carolyn knew Rachelle.,Carolyn known Rachelle.,morphology,irregular_forms,irregular_past_participle_verbs,True,True,False,False,836,-43.530418395996094,-42.43008041381836,0
Aaron went to every art gallery.,Aaron gone to every art gallery.,morphology,irregular_forms,irregular_past_participle_verbs,True,True,False,False,837,-39.31156539916992,-43.79489517211914,1
The Impressionists drove to the mall.,The Impressionists driven to the mall.,morphology,irregular_forms,irregular_past_participle_verbs,True,True,False,False,838,-53.82776641845703,-55.0394287109375,1
Every icicle froze.,Every icicle frozen.,morphology,irregular_forms,irregular_past_participle_verbs,True,True,False,False,839,-37.975929260253906,-37.985511779785156,1
The Clintons drove to this high school.,The Clintons driven to this high school.,morphology,irregular_forms,irregular_past_participle_verbs,True,True,False,False,840,-44.37181091308594,-44.837833404541016,1
Gerald hid these apples.,Gerald hidden these apples.,morphology,irregular_forms,irregular_past_participle_verbs,True,True,False,False,841,-43.532958984375,-42.30921173095703,0
Colleen went fishing.,Colleen gone fishing.,morphology,irregular_forms,irregular_past_participle_verbs,True,True,False,False,842,-30.493968963623047,-33.48188400268555,1
All governments forgot Kenneth.,All governments forgotten Kenneth.,morphology,irregular_forms,irregular_past_participle_verbs,True,True,False,False,843,-42.109893798828125,-41.016292572021484,0
Kristin hid away.,Kristin hidden away.,morphology,irregular_forms,irregular_past_participle_verbs,True,True,False,False,844,-27.56110191345215,-26.730146408081055,0
Some patients drank.,Some patients drunk.,morphology,irregular_forms,irregular_past_participle_verbs,True,True,False,False,845,-23.735233306884766,-24.548561096191406,1
The Lutherans drank.,The Lutherans drunk.,morphology,irregular_forms,irregular_past_participle_verbs,True,True,False,False,846,-34.784542083740234,-36.304229736328125,1
Stacy broke a lot of cars.,Stacy broken a lot of cars.,morphology,irregular_forms,irregular_past_participle_verbs,True,True,False,False,847,-39.620216369628906,-43.09266662597656,1
These senators drank.,These senators drunk.,morphology,irregular_forms,irregular_past_participle_verbs,True,True,False,False,848,-28.75392723083496,-29.48958969116211,1
Ronald went fishing.,Ronald gone fishing.,morphology,irregular_forms,irregular_past_participle_verbs,True,True,False,False,849,-29.670936584472656,-33.85956573486328,1
Denise knew Stacy.,Denise known Stacy.,morphology,irregular_forms,irregular_past_participle_verbs,True,True,False,False,850,-38.208580017089844,-36.986183166503906,0
Walter went to that school.,Walter gone to that school.,morphology,irregular_forms,irregular_past_participle_verbs,True,True,False,False,851,-35.58622360229492,-41.083091735839844,1
Most rivers froze.,Most rivers frozen.,morphology,irregular_forms,irregular_past_participle_verbs,True,True,False,False,852,-25.798500061035156,-25.02635383605957,0
Adults hid away.,Adults hidden away.,morphology,irregular_forms,irregular_past_participle_verbs,True,True,False,False,853,-31.99816131591797,-31.05677604675293,0
The senators drank.,The senators drunk.,morphology,irregular_forms,irregular_past_participle_verbs,True,True,False,False,854,-27.14731216430664,-27.80899429321289,1
These eggplants went bad.,These eggplants gone bad.,morphology,irregular_forms,irregular_past_participle_verbs,True,True,False,False,855,-52.61773681640625,-53.97820281982422,1
Eva spoke up.,Eva spoken up.,morphology,irregular_forms,irregular_past_participle_verbs,True,True,False,False,856,-19.071908950805664,-23.19949722290039,1
Martin wore some blouses.,Martin worn some blouses.,morphology,irregular_forms,irregular_past_participle_verbs,True,True,False,False,857,-35.814430236816406,-38.120086669921875,1
Patricia drank.,Patricia drunk.,morphology,irregular_forms,irregular_past_participle_verbs,True,True,False,False,858,-26.9304256439209,-28.703075408935547,1
All senators went to this hill.,All senators gone to this hill.,morphology,irregular_forms,irregular_past_participle_verbs,True,True,False,False,859,-38.31031036376953,-43.215179443359375,1
The shawls shrank.,The shawls shrunk.,morphology,irregular_forms,irregular_past_participle_verbs,True,True,False,False,860,-47.35791015625,-41.86157989501953,0
Angela wrote.,Angela written.,morphology,irregular_forms,irregular_past_participle_verbs,True,True,False,False,861,-21.423105239868164,-23.692380905151367,1
Carmen went fishing.,Carmen gone fishing.,morphology,irregular_forms,irregular_past_participle_verbs,True,True,False,False,862,-37.84541320800781,-42.36185073852539,1
Stephanie came here.,Stephanie come here.,morphology,irregular_forms,irregular_past_participle_verbs,True,True,False,False,863,-32.78784942626953,-33.23841094970703,1
Those waitresses wrote.,Those waitresses written.,morphology,irregular_forms,irregular_past_participle_verbs,True,True,False,False,864,-35.084190368652344,-35.9637451171875,1
Teresa broke some mirror.,Teresa broken some mirror.,morphology,irregular_forms,irregular_past_participle_verbs,True,True,False,False,865,-43.22821807861328,-43.03282928466797,0
Clyde hid.,Clyde hidden.,morphology,irregular_forms,irregular_past_participle_verbs,True,True,False,False,866,-35.66404724121094,-34.02013397216797,0
Connie ate.,Connie eaten.,morphology,irregular_forms,irregular_past_participle_verbs,True,True,False,False,867,-24.62445831298828,-26.389110565185547,1
Ronald broke that wheelbarrow.,Ronald broken that wheelbarrow.,morphology,irregular_forms,irregular_past_participle_verbs,True,True,False,False,868,-59.202476501464844,-62.222450256347656,1
Robert hid.,Robert hidden.,morphology,irregular_forms,irregular_past_participle_verbs,True,True,False,False,869,-15.869597434997559,-13.078191757202148,0
Elizabeth wore all sweaters.,Elizabeth worn all sweaters.,morphology,irregular_forms,irregular_past_participle_verbs,True,True,False,False,870,-36.78768539428711,-38.05476379394531,1
Daniel ate.,Daniel eaten.,morphology,irregular_forms,irregular_past_participle_verbs,True,True,False,False,871,-15.338289260864258,-16.264225006103516,1
Many children drank.,Many children drunk.,morphology,irregular_forms,irregular_past_participle_verbs,True,True,False,False,872,-21.78639030456543,-22.29631805419922,1
Winston Churchill broke most forks.,Winston Churchill broken most forks.,morphology,irregular_forms,irregular_past_participle_verbs,True,True,False,False,873,-56.020896911621094,-58.079833984375,1
Snakes woke up.,Snakes woken up.,morphology,irregular_forms,irregular_past_participle_verbs,True,True,False,False,874,-25.64419937133789,-37.72129440307617,1
Craig got a job.,Craig gotten a job.,morphology,irregular_forms,irregular_past_participle_verbs,True,True,False,False,875,-19.85996437072754,-23.45591926574707,1
These patients broke this cart.,These patients broken this cart.,morphology,irregular_forms,irregular_past_participle_verbs,True,True,False,False,876,-39.137611389160156,-39.39502716064453,1
Martha hid away.,Martha hidden away.,morphology,irregular_forms,irregular_past_participle_verbs,True,True,False,False,877,-30.53170394897461,-30.565563201904297,1
Ann wrote.,Ann written.,morphology,irregular_forms,irregular_past_participle_verbs,True,True,False,False,878,-11.65243911743164,-14.346956253051758,1
Tammy sang.,Tammy sung.,morphology,irregular_forms,irregular_past_participle_verbs,True,True,False,False,879,-23.24146270751953,-24.594810485839844,1
Jacqueline wrote.,Jacqueline written.,morphology,irregular_forms,irregular_past_participle_verbs,True,True,False,False,880,-28.395662307739258,-30.092426300048828,1
The senator knew Carl.,The senator known Carl.,morphology,irregular_forms,irregular_past_participle_verbs,True,True,False,False,881,-36.83838653564453,-36.97712707519531,1
Mary broke this unicycle.,Mary broken this unicycle.,morphology,irregular_forms,irregular_past_participle_verbs,True,True,False,False,882,-38.58655548095703,-41.628929138183594,1
Karen hid away.,Karen hidden away.,morphology,irregular_forms,irregular_past_participle_verbs,True,True,False,False,883,-29.840593338012695,-29.499744415283203,0
Marla got a job.,Marla gotten a job.,morphology,irregular_forms,irregular_past_participle_verbs,True,True,False,False,884,-28.910228729248047,-32.711082458496094,1
Donald spoke up.,Donald spoken up.,morphology,irregular_forms,irregular_past_participle_verbs,True,True,False,False,885,-17.768808364868164,-21.628631591796875,1
Clyde hid those drawings.,Clyde hidden those drawings.,morphology,irregular_forms,irregular_past_participle_verbs,True,True,False,False,886,-52.33634567260742,-51.64591598510742,0
Derek took most mushrooms.,Derek taken most mushrooms.,morphology,irregular_forms,irregular_past_participle_verbs,True,True,False,False,887,-43.62680435180664,-46.981361389160156,1
Claire wore most skirts.,Claire worn most skirts.,morphology,irregular_forms,irregular_past_participle_verbs,True,True,False,False,888,-41.91561508178711,-45.06896209716797,1
Carol hid this scarf.,Carol hidden this scarf.,morphology,irregular_forms,irregular_past_participle_verbs,True,True,False,False,889,-38.400291442871094,-37.725868225097656,0
A jacket shrank.,A jacket shrunk.,morphology,irregular_forms,irregular_past_participle_verbs,True,True,False,False,890,-37.203453063964844,-30.5416259765625,0
Travis went fishing.,Travis gone fishing.,morphology,irregular_forms,irregular_past_participle_verbs,True,True,False,False,891,-32.23814392089844,-35.43043899536133,1
Hospitals forgot most actors.,Hospitals forgotten most actors.,morphology,irregular_forms,irregular_past_participle_verbs,True,True,False,False,892,-53.0030403137207,-52.70099639892578,0
A lot of jackets shrank.,A lot of jackets shrunk.,morphology,irregular_forms,irregular_past_participle_verbs,True,True,False,False,893,-45.57120895385742,-40.789283752441406,0
Many patients came here.,Many patients come here.,morphology,irregular_forms,irregular_past_participle_verbs,True,True,False,False,894,-25.342514038085938,-22.801462173461914,0
Every adult got a job.,Every adult gotten a job.,morphology,irregular_forms,irregular_past_participle_verbs,True,True,False,False,895,-29.553133010864258,-32.23155212402344,1
The bird broke some trucks.,The bird broken some trucks.,morphology,irregular_forms,irregular_past_participle_verbs,True,True,False,False,896,-39.87290954589844,-42.193363189697266,1
Those children forgot Andrew.,Those children forgotten Andrew.,morphology,irregular_forms,irregular_past_participle_verbs,True,True,False,False,897,-32.81099319458008,-32.86125946044922,1
Mark woke up.,Mark woken up.,morphology,irregular_forms,irregular_past_participle_verbs,True,True,False,False,898,-17.405109405517578,-30.10501480102539,1
The Borgias wrote.,The Borgias written.,morphology,irregular_forms,irregular_past_participle_verbs,True,True,False,False,899,-33.71493911743164,-36.124698638916016,1
Alexander hid away.,Alexander hidden away.,morphology,irregular_forms,irregular_past_participle_verbs,True,True,False,False,900,-20.742752075195312,-20.21306037902832,0
A lot of doctors broke a lot of couches.,A lot of doctors broken a lot of couches.,morphology,irregular_forms,irregular_past_participle_verbs,True,True,False,False,901,-53.671268463134766,-55.84099578857422,1
Clyde sang.,Clyde sung.,morphology,irregular_forms,irregular_past_participle_verbs,True,True,False,False,902,-32.97205352783203,-35.143951416015625,1
These associations took all skateboards.,These associations taken all skateboards.,morphology,irregular_forms,irregular_past_participle_verbs,True,True,False,False,903,-47.837425231933594,-48.2167854309082,1
A child knew some driver.,A child known some driver.,morphology,irregular_forms,irregular_past_participle_verbs,True,True,False,False,904,-35.91110610961914,-36.40297317504883,1
Nancy drove to restaurants.,Nancy driven to restaurants.,morphology,irregular_forms,irregular_past_participle_verbs,True,True,False,False,905,-37.74831008911133,-37.39215087890625,0
Adam got a job.,Adam gotten a job.,morphology,irregular_forms,irregular_past_participle_verbs,True,True,False,False,906,-19.834835052490234,-24.449745178222656,1
Steven wore this coat.,Steven worn this coat.,morphology,irregular_forms,irregular_past_participle_verbs,True,True,False,False,907,-28.586101531982422,-30.148853302001953,1
Gregory got a job.,Gregory gotten a job.,morphology,irregular_forms,irregular_past_participle_verbs,True,True,False,False,908,-32.76274108886719,-34.84758377075195,1
Senators went to some closet.,Senators gone to some closet.,morphology,irregular_forms,irregular_past_participle_verbs,True,True,False,False,909,-42.06207275390625,-45.24695587158203,1
Grace broke the carts.,Grace broken the carts.,morphology,irregular_forms,irregular_past_participle_verbs,True,True,False,False,910,-36.709388732910156,-38.41596984863281,1
A lot of teachers wore the gloves.,A lot of teachers worn the gloves.,morphology,irregular_forms,irregular_past_participle_verbs,True,True,False,False,911,-45.77738952636719,-46.679744720458984,1
These glaciers froze.,These glaciers frozen.,morphology,irregular_forms,irregular_past_participle_verbs,True,True,False,False,912,-29.844457626342773,-29.291807174682617,0
Nancy went to these closets.,Nancy gone to these closets.,morphology,irregular_forms,irregular_past_participle_verbs,True,True,False,False,913,-45.03089141845703,-49.35540008544922,1
Most banks knew Julie.,Most banks known Julie.,morphology,irregular_forms,irregular_past_participle_verbs,True,True,False,False,914,-33.06741714477539,-34.21543884277344,1
Christina hid.,Christina hidden.,morphology,irregular_forms,irregular_past_participle_verbs,True,True,False,False,915,-23.237098693847656,-21.664936065673828,0
Eric forgot Vanessa.,Eric forgotten Vanessa.,morphology,irregular_forms,irregular_past_participle_verbs,True,True,False,False,916,-29.63908576965332,-26.858264923095703,0
Those students came here.,Those students come here.,morphology,irregular_forms,irregular_past_participle_verbs,True,True,False,False,917,-23.126962661743164,-21.14114761352539,0
Laura drove to some mountain.,Laura driven to some mountain.,morphology,irregular_forms,irregular_past_participle_verbs,True,True,False,False,918,-31.81679916381836,-31.93628692626953,1
Jodi drove to some hills.,Jodi driven to some hills.,morphology,irregular_forms,irregular_past_participle_verbs,True,True,False,False,919,-44.22197723388672,-45.23776626586914,1
Donald ate.,Donald eaten.,morphology,irregular_forms,irregular_past_participle_verbs,True,True,False,False,920,-14.227807998657227,-15.667011260986328,1
Margaret came here.,Margaret come here.,morphology,irregular_forms,irregular_past_participle_verbs,True,True,False,False,921,-26.90137481689453,-26.942047119140625,1
This woman got a job.,This woman gotten a job.,morphology,irregular_forms,irregular_past_participle_verbs,True,True,False,False,922,-29.312358856201172,-33.1496696472168,1
Every teenager forgot Sharon.,Every teenager forgotten Sharon.,morphology,irregular_forms,irregular_past_participle_verbs,True,True,False,False,923,-39.06077575683594,-39.546627044677734,1
Vincent hid a dog.,Vincent hidden a dog.,morphology,irregular_forms,irregular_past_participle_verbs,True,True,False,False,924,-39.9840202331543,-40.21142578125,1
Ruth went fishing.,Ruth gone fishing.,morphology,irregular_forms,irregular_past_participle_verbs,True,True,False,False,925,-30.999601364135742,-34.630184173583984,1
Curtis wore these dresses.,Curtis worn these dresses.,morphology,irregular_forms,irregular_past_participle_verbs,True,True,False,False,926,-47.02715301513672,-48.41743469238281,1
A lake froze.,A lake frozen.,morphology,irregular_forms,irregular_past_participle_verbs,True,True,False,False,927,-28.85749053955078,-27.03040313720703,0
Karla came here.,Karla come here.,morphology,irregular_forms,irregular_past_participle_verbs,True,True,False,False,928,-24.10521125793457,-24.48222541809082,1
Tracy drove to many restaurants.,Tracy driven to many restaurants.,morphology,irregular_forms,irregular_past_participle_verbs,True,True,False,False,929,-40.05634307861328,-39.960792541503906,0
Nina drove to some hill.,Nina driven to some hill.,morphology,irregular_forms,irregular_past_participle_verbs,True,True,False,False,930,-41.45841979980469,-43.20514678955078,1
Lucille broke this unicycle.,Lucille broken this unicycle.,morphology,irregular_forms,irregular_past_participle_verbs,True,True,False,False,931,-47.7173957824707,-49.65673065185547,1
Some dancers hid dancers.,Some dancers hidden dancers.,morphology,irregular_forms,irregular_past_participle_verbs,True,True,False,False,932,-36.9339714050293,-34.48451232910156,0
Carla wrote.,Carla written.,morphology,irregular_forms,irregular_past_participle_verbs,True,True,False,False,933,-20.281452178955078,-23.445953369140625,1
Carlos took a bird.,Carlos taken a bird.,morphology,irregular_forms,irregular_past_participle_verbs,True,True,False,False,934,-29.086753845214844,-30.984355926513672,1
Kayla took some window.,Kayla taken some window.,morphology,irregular_forms,irregular_past_participle_verbs,True,True,False,False,935,-33.277984619140625,-36.14418411254883,1
Some socks shrank.,Some socks shrunk.,morphology,irregular_forms,irregular_past_participle_verbs,True,True,False,False,936,-35.991641998291016,-28.272994995117188,0
Tracy knew Kathleen.,Tracy known Kathleen.,morphology,irregular_forms,irregular_past_participle_verbs,True,True,False,False,937,-38.48561096191406,-38.88348388671875,1
Gary knew many women.,Gary known many women.,morphology,irregular_forms,irregular_past_participle_verbs,True,True,False,False,938,-25.112607955932617,-24.804706573486328,0
Patrick drove to a bank.,Patrick driven to a bank.,morphology,irregular_forms,irregular_past_participle_verbs,True,True,False,False,939,-27.61992835998535,-27.297794342041016,0
All students broke a lot of glasses.,All students broken a lot of glasses.,morphology,irregular_forms,irregular_past_participle_verbs,True,True,False,False,940,-40.02275085449219,-41.28034973144531,1
Charles wrote.,Charles written.,morphology,irregular_forms,irregular_past_participle_verbs,True,True,False,False,941,-11.380292892456055,-13.906696319580078,1
Many patients hid Omar.,Many patients hidden Omar.,morphology,irregular_forms,irregular_past_participle_verbs,True,True,False,False,942,-36.007476806640625,-35.165225982666016,0
Clyde took all shirts.,Clyde taken all shirts.,morphology,irregular_forms,irregular_past_participle_verbs,True,True,False,False,943,-46.17675018310547,-49.07176971435547,1
The Impressionists drove to this high school.,The Impressionists driven to this high school.,morphology,irregular_forms,irregular_past_participle_verbs,True,True,False,False,944,-56.21153259277344,-56.9286003112793,1
Many students wore most shawls.,Many students worn most shawls.,morphology,irregular_forms,irregular_past_participle_verbs,True,True,False,False,945,-49.59977722167969,-51.33804702758789,1
Florence wore most gloves.,Florence worn most gloves.,morphology,irregular_forms,irregular_past_participle_verbs,True,True,False,False,946,-51.2263298034668,-54.085086822509766,1
Tamara got fired.,Tamara gotten fired.,morphology,irregular_forms,irregular_past_participle_verbs,True,True,False,False,947,-29.90586280822754,-34.88759994506836,1
Jeffrey went to libraries.,Jeffrey gone to libraries.,morphology,irregular_forms,irregular_past_participle_verbs,True,True,False,False,948,-34.478233337402344,-38.659149169921875,1
These dancers took the art galleries.,These dancers taken the art galleries.,morphology,irregular_forms,irregular_past_participle_verbs,True,True,False,False,949,-41.521297454833984,-43.087921142578125,1
Dawn wrote.,Dawn written.,morphology,irregular_forms,irregular_past_participle_verbs,True,True,False,False,950,-23.52591896057129,-24.541595458984375,1
James wrote.,James written.,morphology,irregular_forms,irregular_past_participle_verbs,True,True,False,False,951,-11.201464653015137,-14.680095672607422,1
Maria wore some shirt.,Maria worn some shirt.,morphology,irregular_forms,irregular_past_participle_verbs,True,True,False,False,952,-28.319555282592773,-32.97588348388672,1
This child knew a lot of men.,This child known a lot of men.,morphology,irregular_forms,irregular_past_participle_verbs,True,True,False,False,953,-34.50579071044922,-35.36056900024414,1
Jerry broke some carriage.,Jerry broken some carriage.,morphology,irregular_forms,irregular_past_participle_verbs,True,True,False,False,954,-29.08599090576172,-31.350357055664062,1
All snakes broke all bicycles.,All snakes broken all bicycles.,morphology,irregular_forms,irregular_past_participle_verbs,True,True,False,False,955,-42.41239929199219,-44.903846740722656,1
The students knew Jason.,The students known Jason.,morphology,irregular_forms,irregular_past_participle_verbs,True,True,False,False,956,-30.618764877319336,-32.530723571777344,1
Those girls broke that wheelbarrow.,Those girls broken that wheelbarrow.,morphology,irregular_forms,irregular_past_participle_verbs,True,True,False,False,957,-60.347816467285156,-61.99827575683594,1
Timothy hid Danielle.,Timothy hidden Danielle.,morphology,irregular_forms,irregular_past_participle_verbs,True,True,False,False,958,-37.81597900390625,-38.018768310546875,1
Christopher hid away.,Christopher hidden away.,morphology,irregular_forms,irregular_past_participle_verbs,True,True,False,False,959,-20.363262176513672,-20.305164337158203,0
Deborah got fired.,Deborah gotten fired.,morphology,irregular_forms,irregular_past_participle_verbs,True,True,False,False,960,-32.88407897949219,-35.95676040649414,1
Anna hid away.,Anna hidden away.,morphology,irregular_forms,irregular_past_participle_verbs,True,True,False,False,961,-20.141773223876953,-20.53567123413086,1
Richard got a job.,Richard gotten a job.,morphology,irregular_forms,irregular_past_participle_verbs,True,True,False,False,962,-19.80089569091797,-23.973522186279297,1
Theodore forgot Janice.,Theodore forgotten Janice.,morphology,irregular_forms,irregular_past_participle_verbs,True,True,False,False,963,-50.471885681152344,-49.48412322998047,0
The children got fired.,The children gotten fired.,morphology,irregular_forms,irregular_past_participle_verbs,True,True,False,False,964,-30.285903930664062,-33.85179901123047,1
Every doctor drove to the college campuses.,Every doctor driven to the college campuses.,morphology,irregular_forms,irregular_past_participle_verbs,True,True,False,False,965,-46.78411102294922,-46.17881393432617,0
Kirsten hid the college campus.,Kirsten hidden the college campus.,morphology,irregular_forms,irregular_past_participle_verbs,True,True,False,False,966,-55.512351989746094,-55.252685546875,0
The actresses knew Scott.,The actresses known Scott.,morphology,irregular_forms,irregular_past_participle_verbs,True,True,False,False,967,-34.28534698486328,-34.868202209472656,1
Amelia forgot George.,Amelia forgotten George.,morphology,irregular_forms,irregular_past_participle_verbs,True,True,False,False,968,-37.70280456542969,-36.85924530029297,0
Paula went fishing.,Paula gone fishing.,morphology,irregular_forms,irregular_past_participle_verbs,True,True,False,False,969,-26.443416595458984,-30.8787899017334,1
Sally went to every hill.,Sally gone to every hill.,morphology,irregular_forms,irregular_past_participle_verbs,True,True,False,False,970,-40.61896514892578,-43.235862731933594,1
Gary took photographs.,Gary taken photographs.,morphology,irregular_forms,irregular_past_participle_verbs,True,True,False,False,971,-20.041847229003906,-23.627700805664062,1
That girl hid away.,That girl hidden away.,morphology,irregular_forms,irregular_past_participle_verbs,True,True,False,False,972,-28.599660873413086,-28.199939727783203,0
Tiffany ate.,Tiffany eaten.,morphology,irregular_forms,irregular_past_participle_verbs,True,True,False,False,973,-34.19409942626953,-34.95592498779297,1
Aaron broke these computers.,Aaron broken these computers.,morphology,irregular_forms,irregular_past_participle_verbs,True,True,False,False,974,-29.865703582763672,-29.94805145263672,1
A pedestrian wrote.,A pedestrian written.,morphology,irregular_forms,irregular_past_participle_verbs,True,True,False,False,975,-23.4750919342041,-26.474403381347656,1
Steven drank.,Steven drunk.,morphology,irregular_forms,irregular_past_participle_verbs,True,True,False,False,976,-15.185077667236328,-16.187055587768555,1
Galileo knew Richard.,Galileo known Richard.,morphology,irregular_forms,irregular_past_participle_verbs,True,True,False,False,977,-42.70881271362305,-43.69737243652344,1
Mary knew Bruce.,Mary known Bruce.,morphology,irregular_forms,irregular_past_participle_verbs,True,True,False,False,978,-23.612045288085938,-24.872434616088867,1
Winston Churchill forgot Charles.,Winston Churchill forgotten Charles.,morphology,irregular_forms,irregular_past_participle_verbs,True,True,False,False,979,-49.372257232666016,-49.285587310791016,0
The girls went to all cafes.,The girls gone to all cafes.,morphology,irregular_forms,irregular_past_participle_verbs,True,True,False,False,980,-37.18572998046875,-41.77827453613281,1
Mitchell drank.,Mitchell drunk.,morphology,irregular_forms,irregular_past_participle_verbs,True,True,False,False,981,-24.54924774169922,-26.619054794311523,1
Richard got fired.,Richard gotten fired.,morphology,irregular_forms,irregular_past_participle_verbs,True,True,False,False,982,-21.50351333618164,-25.72140121459961,1
Colleen broke this car.,Colleen broken this car.,morphology,irregular_forms,irregular_past_participle_verbs,True,True,False,False,983,-35.818363189697266,-37.85795974731445,1
Gerald wore this glove.,Gerald worn this glove.,morphology,irregular_forms,irregular_past_participle_verbs,True,True,False,False,984,-41.254432678222656,-43.50554275512695,1
Guy drove to art galleries.,Guy driven to art galleries.,morphology,irregular_forms,irregular_past_participle_verbs,True,True,False,False,985,-34.137943267822266,-33.84757614135742,0
Karen hid.,Karen hidden.,morphology,irregular_forms,irregular_past_participle_verbs,True,True,False,False,986,-25.401668548583984,-23.555662155151367,0
Jason ate.,Jason eaten.,morphology,irregular_forms,irregular_past_participle_verbs,True,True,False,False,987,-13.991914749145508,-16.163997650146484,1
Alan took this bicycle.,Alan taken this bicycle.,morphology,irregular_forms,irregular_past_participle_verbs,True,True,False,False,988,-24.879150390625,-28.745737075805664,1
Sonia took these newspaper articles.,Sonia taken these newspaper articles.,morphology,irregular_forms,irregular_past_participle_verbs,True,True,False,False,989,-49.43483352661133,-51.613441467285156,1
Veronica hid away.,Veronica hidden away.,morphology,irregular_forms,irregular_past_participle_verbs,True,True,False,False,990,-33.66164779663086,-33.33207702636719,0
The man broke some skateboard.,The man broken some skateboard.,morphology,irregular_forms,irregular_past_participle_verbs,True,True,False,False,991,-41.96593475341797,-43.34526062011719,1
Charles went fishing.,Charles gone fishing.,morphology,irregular_forms,irregular_past_participle_verbs,True,True,False,False,992,-19.23244857788086,-24.13848114013672,1
Cynthia woke up.,Cynthia woken up.,morphology,irregular_forms,irregular_past_participle_verbs,True,True,False,False,993,-37.9597282409668,-51.075103759765625,1
Vanessa ate.,Vanessa eaten.,morphology,irregular_forms,irregular_past_participle_verbs,True,True,False,False,994,-25.667217254638672,-27.539241790771484,1
All teachers drank.,All teachers drunk.,morphology,irregular_forms,irregular_past_participle_verbs,True,True,False,False,995,-24.328643798828125,-25.121442794799805,1
Every cat broke that skateboard.,Every cat broken that skateboard.,morphology,irregular_forms,irregular_past_participle_verbs,True,True,False,False,996,-42.418006896972656,-45.48125076293945,1
Every dancer wore that sweater.,Every dancer worn that sweater.,morphology,irregular_forms,irregular_past_participle_verbs,True,True,False,False,997,-42.88910675048828,-44.61064910888672,1
Ann went to some river.,Ann gone to some river.,morphology,irregular_forms,irregular_past_participle_verbs,True,True,False,False,998,-29.393186569213867,-34.89474868774414,1
Deanna broke the cart.,Deanna broken the cart.,morphology,irregular_forms,irregular_past_participle_verbs,True,True,False,False,999,-33.04713439941406,-36.9135856628418,1
